1.54056
10   0   4.4
10.02   0   4.4
10.04   0   4.4
10.06   0   4.4
10.08   0   4.4
10.1   0   4.4
10.12   0   4.4
10.14   0   4.4
10.16   0   4.4
10.18   0   4.4
10.2   0   4.4
10.22   0   4.4
10.24   0   4.4
10.26   0   4.4
10.28   0   4.4
10.3   0   4.4
10.32   0   4.4
10.34   0   4.4
10.36   0   4.4
10.38   0   4.4
10.4   0   4.4
10.42   0   4.4
10.44   0   4.4
10.46   0   4.4
10.48   0   4.4
10.5   0   4.4
10.52   0   4.4
10.54   0   4.4
10.56   0   4.4
10.58   0   4.4
10.6   0   4.4
10.62   0   4.4
10.64   0   4.4
10.66   0   4.4
10.68   0   4.4
10.7   0   4.4
10.72   0   4.4
10.74   0   4.4
10.76   0   4.4
10.78   0   4.4
10.8   0   4.4
10.82   0   4.4
10.84   0   4.4
10.86   0   4.4
10.88   0   4.4
10.9   0   4.4
10.92   0   4.4
10.94   0   4.4
10.96   0   4.4
10.98   0   4.4
11   0   4.4
11.02   0   4.4
11.04   0   4.4
11.06   0   4.4
11.08   0   4.4
11.1   0   4.4
11.12   0   4.4
11.14   0   4.4
11.16   0   4.4
11.18   0   4.4
11.2   0   4.4
11.22   0   4.4
11.24   0   4.4
11.26   0   4.4
11.28   0   4.4
11.3   0   4.4
11.32   0   4.4
11.34   0   4.4
11.36   0   4.4
11.38   0   4.4
11.4   0   4.4
11.42   0   4.4
11.44   0   4.4
11.46   0   4.4
11.48   0   4.4
11.5   0   4.4
11.52   0   4.4
11.54   0   4.4
11.56   0   4.4
11.58   0   4.4
11.6   0   4.4
11.62   0   4.4
11.64   0   4.4
11.66   0   4.4
11.68   0   4.4
11.7   0   4.4
11.72   0   4.4
11.74   0   4.4
11.76   0   4.4
11.78   0   4.4
11.8   0   4.4
11.82   0   4.4
11.84   0   4.4
11.86   0   4.4
11.88   0   4.4
11.9   0   4.4
11.92   0   4.4
11.94   0   4.4
11.96   0   4.4
11.98   0   4.4
12   0   4.4
12.02   0   4.4
12.04   0   4.4
12.06   0   4.4
12.08   0   4.4
12.1   0   4.4
12.12   0   4.4
12.14   0   4.4
12.16   0   4.4
12.18   0   4.4
12.2   0   4.4
12.22   0   4.4
12.24   0   4.4
12.26   0   4.4
12.28   0   4.4
12.3   0   4.4
12.32   0   4.4
12.34   0   4.4
12.36   0   4.4
12.38   0   4.4
12.4   0   4.4
12.42   0   4.4
12.44   0   4.4
12.46   0   4.4
12.48   0   4.4
12.5   0   4.4
12.52   0   4.4
12.54   0   4.4
12.56   0   4.4
12.58   0   4.4
12.6   0   4.4
12.62   0   4.4
12.64   0   4.4
12.66   0   4.4
12.68   0   4.4
12.7   0   4.4
12.72   0   4.4
12.74   0   4.4
12.76   0   4.4
12.78   0   4.4
12.8   0   4.4
12.82   0   4.4
12.84   0   4.4
12.86   0   4.4
12.88   0   4.4
12.9   0   4.4
12.92   0   4.4
12.94   0   4.4
12.96   0   4.4
12.98   0   4.4
13   0   4.4
13.02   0   4.4
13.04   0   4.4
13.06   0   4.4
13.08   0   4.4
13.1   0   4.4
13.12   0   4.4
13.14   0   4.4
13.16   0   4.4
13.18   0   4.4
13.2   0   4.4
13.22   0   4.4
13.24   0   4.4
13.26   0   4.4
13.28   0   4.4
13.3   0   4.4
13.32   0   4.4
13.34   0   4.4
13.36   0   4.4
13.38   0   4.4
13.4   0   4.4
13.42   0   4.4
13.44   0   4.4
13.46   0   4.4
13.48   0   4.4
13.5   0   4.4
13.52   0   4.4
13.54   0   4.4
13.56   0   4.4
13.58   0   4.4
13.6   0   4.4
13.62   0   4.4
13.64   0   4.4
13.66   0   4.4
13.68   0   4.4
13.7   0   4.4
13.72   0   4.4
13.74   0   4.4
13.76   0   4.4
13.78   0   4.4
13.8   0   4.4
13.82   0   4.4
13.84   0   4.4
13.86   0   4.4
13.88   0   4.4
13.9   0   4.4
13.92   0   4.4
13.94   0   4.4
13.96   0   4.4
13.98   0   4.4
14   0   4.4
14.02   0   4.4
14.04   0   4.4
14.06   0   4.4
14.08   0   4.4
14.1   0   4.4
14.12   0   4.4
14.14   0   4.4
14.16   0   4.4
14.18   0   4.4
14.2   0   4.4
14.22   0   4.4
14.24   0   4.4
14.26   0   4.4
14.28   0   4.4
14.3   0   4.4
14.32   0   4.4
14.34   0   4.4
14.36   0   4.4
14.38   0   4.4
14.4   0   4.4
14.42   0   4.4
14.44   0   4.4
14.46   0   4.4
14.48   0   4.4
14.5   0   4.4
14.52   0   4.4
14.54   0   4.4
14.56   0   4.4
14.58   0   4.4
14.6   0   4.4
14.62   0   4.4
14.64   0   4.4
14.66   0   4.4
14.68   0   4.4
14.7   0   4.4
14.72   0   4.4
14.74   0   4.4
14.76   0   4.4
14.78   0   4.4
14.8   0   4.4
14.82   0   4.4
14.84   0   4.4
14.86   0   4.4
14.88   0   4.4
14.9   0   4.4
14.92   0   4.4
14.94   0   4.4
14.96   0   4.4
14.98   0   4.4
15   0   4.4
15.02   0   4.4
15.04   0   4.4
15.06   0   4.4
15.08   0   4.4
15.1   0   4.4
15.12   0   4.4
15.14   0   4.4
15.16   0   4.4
15.18   0   4.4
15.2   0   4.4
15.22   0   4.4
15.24   0   4.4
15.26   0   4.4
15.28   0   4.4
15.3   0   4.4
15.32   0   4.4
15.34   0   4.4
15.36   0   4.4
15.38   0   4.4
15.4   0   4.4
15.42   0   4.4
15.44   0   4.4
15.46   0   4.4
15.48   0   4.4
15.5   0   4.4
15.52   0   4.4
15.54   0   4.4
15.56   0   4.4
15.58   0   4.4
15.6   0   4.4
15.62   0   4.4
15.64   0   4.4
15.66   0   4.4
15.68   0   4.4
15.7   0   4.4
15.72   0   4.4
15.74   0   4.4
15.76   0   4.4
15.78   0   4.4
15.8   0   4.4
15.82   0   4.4
15.84   0   4.4
15.86   0   4.4
15.88   0   4.4
15.9   0   4.4
15.92   0   4.4
15.94   0   4.4
15.96   0   4.4
15.98   0   4.4
16   0   4.4
16.02   0   4.4
16.04   0   4.4
16.06   0   4.4
16.08   0   4.4
16.1   0   4.4
16.12   0   4.4
16.14   0   4.4
16.16   0   4.4
16.18   0   4.4
16.2   0   4.4
16.22   0   4.4
16.24   0   4.4
16.26   0   4.4
16.28   0   4.4
16.3   0   4.4
16.32   0   4.4
16.34   0   4.4
16.36   0   4.4
16.38   0   4.4
16.4   0   4.4
16.42   0   4.4
16.44   0   4.4
16.46   0   4.4
16.48   0   4.4
16.5   0   4.4
16.52   0   4.4
16.54   0   4.4
16.56   0   4.4
16.58   0   4.4
16.6   0   4.4
16.62   0   4.4
16.64   0   4.4
16.66   0   4.4
16.68   0   4.4
16.7   0   4.4
16.72   0   4.4
16.74   0   4.4
16.76   0   4.4
16.78   0   4.4
16.8   0   4.4
16.82   0   4.4
16.84   0   4.4
16.86   0   4.4
16.88   0   4.4
16.9   0   4.4
16.92   0   4.4
16.94   0   4.4
16.96   0   4.4
16.98   0   4.4
17   0   4.4
17.02   0   4.4
17.04   0   4.4
17.06   0   4.4
17.08   0   4.4
17.1   0   4.4
17.12   0   4.4
17.14   0   4.4
17.16   0   4.4
17.18   0   4.4
17.2   0   4.4
17.22   0   4.4
17.24   0   4.4
17.26   0   4.4
17.28   0   4.4
17.3   0   4.4
17.32   0   4.4
17.34   0   4.4
17.36   0   4.4
17.38   0   4.4
17.4   0   4.4
17.42   0   4.4
17.44   0   4.4
17.46   0   4.4
17.48   0   4.4
17.5   0   4.4
17.52   0   4.4
17.54   0   4.4
17.56   0   4.4
17.58   0   4.4
17.6   0   4.4
17.62   0   4.4
17.64   0   4.4
17.66   0   4.4
17.68   0   4.4
17.7   0   4.4
17.72   0   4.4
17.74   0   4.4
17.76   0   4.4
17.78   0   4.4
17.8   0   4.4
17.82   0   4.4
17.84   0   4.4
17.86   0   4.4
17.88   0   4.4
17.9   0   4.4
17.92   0   4.4
17.94   0   4.4
17.96   0   4.4
17.98   0   4.4
18   0   4.4
18.02   0   4.4
18.04   0   4.4
18.06   0   4.4
18.08   0   4.4
18.1   0   4.4
18.12   0   4.4
18.14   0   4.4
18.16   0   4.4
18.18   0   4.4
18.2   0   4.4
18.22   0   4.4
18.24   0   4.4
18.26   0   4.4
18.28   0   4.4
18.3   0   4.4
18.32   0   4.4
18.34   0   4.4
18.36   0   4.4
18.38   0   4.4
18.4   0   4.4
18.42   0   4.4
18.44   0   4.4
18.46   0   4.4
18.48   0   4.4
18.5   0   4.4
18.52   0   4.4
18.54   0   4.4
18.56   0   4.4
18.58   0   4.4
18.6   0   4.4
18.62   0   4.4
18.64   0   4.4
18.66   0   4.4
18.68   0   4.4
18.7   0   4.4
18.72   0   4.4
18.74   0   4.4
18.76   0   4.4
18.78   0   4.4
18.8   0   4.4
18.82   0   4.4
18.84   0   4.4
18.86   0   4.4
18.88   0   4.4
18.9   0   4.4
18.92   0   4.4
18.94   0   4.4
18.96   0   4.4
18.98   0   4.4
19   0   4.4
19.02   0   4.4
19.04   0   4.4
19.06   0   4.4
19.08   0   4.4
19.1   0   4.4
19.12   0   4.4
19.14   0   4.4
19.16   0   4.4
19.18   0   4.4
19.2   0   4.4
19.22   0   4.4
19.24   0   4.4
19.26   0   4.4
19.28   0   4.4
19.3   0   4.4
19.32   0   4.4
19.34   0   4.4
19.36   0   4.4
19.38   0   4.4
19.4   0   4.4
19.42   0   4.4
19.44   0   4.4
19.46   0   4.4
19.48   0   4.4
19.5   0   4.4
19.52   0   4.4
19.54   0   4.4
19.56   0   4.4
19.58   0   4.4
19.6   0   4.4
19.62   0   4.4
19.64   0   4.4
19.66   0   4.4
19.68   0   4.4
19.7   0   4.4
19.72   0   4.4
19.74   0   4.4
19.76   0   4.4
19.78   0   4.4
19.8   0   4.4
19.82   0   4.4
19.84   0   4.4
19.86   0   4.4
19.88   0   4.4
19.9   0   4.4
19.92   0   4.4
19.94   0   4.4
19.96   0   4.4
19.98   0   4.4
20   0   4.4
20.02   0   4.4
20.04   0   4.4
20.06   0   4.4
20.08   0   4.4
20.1   0   4.4
20.12   0   4.4
20.14   0   4.4
20.16   0   4.4
20.18   0   4.4
20.2   0   4.4
20.22   0   4.4
20.24   0   4.4
20.26   0   4.4
20.28   0   4.4
20.3   0   4.4
20.32   0   4.4
20.34   0   4.4
20.36   0   4.4
20.38   0   4.4
20.4   0   4.4
20.42   0   4.4
20.44   0   4.4
20.46   0   4.4
20.48   0   4.4
20.5   0   4.4
20.52   0   4.4
20.54   0   4.4
20.56   0   4.4
20.58   0   4.4
20.6   0   4.4
20.62   0   4.4
20.64   0   4.4
20.66   0   4.4
20.68   0   4.4
20.7   0   4.4
20.72   0   4.4
20.74   0   4.4
20.76   0   4.4
20.78   0   4.4
20.8   0   4.4
20.82   0   4.4
20.84   0   4.4
20.86   0   4.4
20.88   0   4.4
20.9   0   4.4
20.92   0   4.4
20.94   0   4.4
20.96   0   4.4
20.98   0   4.4
21   0   4.4
21.02   0   4.4
21.04   0   4.4
21.06   0   4.4
21.08   0   4.4
21.1   0   4.4
21.12   0   4.4
21.14   0   4.4
21.16   0   4.4
21.18   0   4.4
21.2   0   4.4
21.22   0   4.4
21.24   0   4.4
21.26   0   4.4
21.28   0   4.4
21.3   0   4.4
21.32   0   4.4
21.34   0   4.4
21.36   0   4.4
21.38   0   4.4
21.4   0   4.4
21.42   0   4.4
21.44   0   4.4
21.46   0   4.4
21.48   0   4.4
21.5   0   4.4
21.52   0   4.4
21.54   0   4.4
21.56   0   4.4
21.58   0   4.4
21.6   0   4.4
21.62   0   4.4
21.64   0   4.4
21.66   0   4.4
21.68   0   4.4
21.7   0   4.4
21.72   0   4.4
21.74   0   4.4
21.76   0   4.4
21.78   0   4.4
21.8   0   4.4
21.82   0   4.4
21.84   0   4.4
21.86   0   4.4
21.88   0   4.4
21.9   0   4.4
21.92   0   4.4
21.94   0   4.4
21.96   0   4.4
21.98   0   4.4
22   0   4.4
22.02   0   4.4
22.04   0   4.4
22.06   0   4.4
22.08   0   4.4
22.1   0   4.4
22.12   0   4.4
22.14   0   4.4
22.16   0   4.4
22.18   0   4.4
22.2   0   4.4
22.22   0   4.4
22.24   0   4.4
22.26   0   4.4
22.28   0   4.4
22.3   0   4.4
22.32   0   4.4
22.34   0   4.4
22.36   0   4.4
22.38   0   4.4
22.4   0   4.4
22.42   0   4.4
22.44   0   4.4
22.46   0   4.4
22.48   0   4.4
22.5   0   4.4
22.52   0   4.4
22.54   0   4.4
22.56   0   4.4
22.58   0   4.4
22.6   0   4.4
22.62   0   4.4
22.64   0   4.4
22.66   0   4.4
22.68   0   4.4
22.7   0   4.4
22.72   0   4.4
22.74   0   4.4
22.76   0   4.4
22.78   0   4.4
22.8   0   4.4
22.82   0   4.4
22.84   0   4.4
22.86   0   4.4
22.88   0   4.4
22.9   0   4.4
22.92   0   4.4
22.94   0   4.4
22.96   0   4.4
22.98   0   4.4
23   0   4.4
23.02   0   4.4
23.04   0   4.4
23.06   0   4.4
23.08   0   4.4
23.1   0   4.4
23.12   0   4.4
23.14   0   4.4
23.16   0   4.4
23.18   0   4.4
23.2   0   4.4
23.22   0   4.4
23.24   0   4.4
23.26   0   4.4
23.28   0   4.4
23.3   0   4.4
23.32   0   4.4
23.34   0   4.4
23.36   0   4.4
23.38   0   4.4
23.4   0   4.4
23.42   0   4.4
23.44   0   4.4
23.46   0   4.4
23.48   0   4.4
23.5   0   4.4
23.52   0   4.4
23.54   0   4.4
23.56   0   4.4
23.58   0   4.4
23.6   0   4.4
23.62   0   4.4
23.64   0   4.4
23.66   0   4.4
23.68   0   4.4
23.7   0   4.4
23.72   0   4.4
23.74   0   4.4
23.76   0   4.4
23.78   0   4.4
23.8   0   4.4
23.82   0   4.4
23.84   0   4.4
23.86   0   4.4
23.88   0   4.4
23.9   0   4.4
23.92   0   4.4
23.94   0   4.4
23.96   0   4.4
23.98   0   4.4
24   0   4.4
24.02   0   4.4
24.04   0   4.4
24.06   0   4.4
24.08   0   4.4
24.1   0   4.4
24.12   0   4.4
24.14   0   4.4
24.16   0   4.4
24.18   0   4.4
24.2   0   4.4
24.22   0   4.4
24.24   0   4.4
24.26   0   4.4
24.28   0   4.4
24.3   0   4.4
24.32   0   4.4
24.34   0   4.4
24.36   0   4.4
24.38   0   4.4
24.4   0   4.4
24.42   0   4.4
24.44   0   4.4
24.46   0   4.4
24.48   0   4.4
24.5   0   4.4
24.52   0   4.4
24.54   0   4.4
24.56   0   4.4
24.58   0   4.4
24.6   0   4.4
24.62   0   4.4
24.64   0   4.4
24.66   0   4.4
24.68   0   4.4
24.7   0   4.4
24.72   0   4.4
24.74   0   4.4
24.76   0   4.4
24.78   0   4.4
24.8   0   4.4
24.82   0   4.4
24.84   0   4.4
24.86   0   4.4
24.88   0   4.4
24.9   0   4.4
24.92   0   4.4
24.94   0   4.4
24.96   0   4.4
24.98   0   4.4
25   0   4.4
25.02   0   4.4
25.04   0   4.4
25.06   0   4.4
25.08   0   4.4
25.1   0   4.4
25.12   0   4.4
25.14   0   4.4
25.16   0   4.4
25.18   0   4.4
25.2   0   4.4
25.22   0   4.4
25.24   0   4.4
25.26   0   4.4
25.28   9.95308   4.4
25.3   10.2342   4.4
25.32   10.5275   4.4
25.34   10.8335   4.4
25.36   11.1531   4.4
25.38   11.487   4.4
25.4   11.8361   4.4
25.42   12.2014   4.4
25.44   12.5838   4.4
25.46   12.9845   4.4
25.48   13.4046   4.4
25.5   13.8455   4.4
25.52   14.3084   4.4
25.54   14.7949   4.4
25.56   15.3067   4.4
25.58   15.8455   4.4
25.6   16.4132   4.4
25.62   17.0119   4.4
25.64   17.644   4.4
25.66   18.312   4.4
25.68   19.0186   4.4
25.7   19.7668   4.44599
25.72   20.5601   4.53432
25.74   21.402   4.62623
25.76   22.2967   4.72194
25.78   23.2487   4.82169
25.8   24.2628   4.92573
25.82   25.3448   5.03436
25.84   26.5006   5.14788
25.86   27.7373   5.26663
25.88   29.0626   5.39097
25.9   30.485   5.52132
25.92   32.0142   5.65811
25.94   33.6614   5.80184
25.96   35.4388   5.95305
25.98   37.3606   6.11234
26   39.4429   6.28035
26.02   41.7038   6.45785
26.04   44.1645   6.64564
26.06   46.8492   6.84465
26.08   49.7858   7.0559
26.1   53.0067   7.28057
26.12   56.55   7.51997
26.14   60.4598   7.77559
26.16   64.7884   8.04912
26.18   69.5977   8.34252
26.2   74.9613   8.65802
26.22   80.9675   8.99819
26.24   87.7228   9.36604
26.26   95.3566   9.76507
26.28   104.027   10.1994
26.3   113.931   10.6739
26.32   125.312   11.1943
26.34   138.476   11.7676
26.36   153.814   12.4022
26.38   171.83   13.1084
26.4   193.179   13.8989
26.42   218.728   14.7894
26.44   249.642   15.8001
26.46   287.517   16.9563
26.48   334.574   18.2914
26.5   393.983   19.849
26.52   470.385   21.6884
26.54   570.825   23.892
26.56   706.672   26.5833
26.58   898.074   29.9679
26.6   1184.29   34.4136
26.62   1643.16   40.5359
26.64   2414.24   49.1349
26.66   3700.1   60.8285
26.68   5689.76   75.4305
26.7   8229.18   90.7148
26.72   10000   100
26.74   9190.78   95.8686
26.76   6720.31   81.9775
26.78   4438.51   66.6221
26.8   2874.95   53.6186
26.82   1916.22   43.7746
26.84   1348.23   36.7182
26.86   1002.57   31.6633
26.88   778.071   27.8939
26.9   622.281   24.9456
26.92   508.818   22.557
26.94   423.437   20.5776
26.96   357.617   18.9108
26.98   305.865   17.489
27   264.477   16.2628
27.02   230.885   15.1949
27.04   203.262   14.257
27.06   180.282   13.4269
27.08   160.967   12.6873
27.1   144.581   12.0242
27.12   130.563   11.4264
27.14   118.481   10.8849
27.16   107.994   10.392
27.18   98.8355   9.94161
27.2   90.7905   9.52841
27.22   83.6862   9.14801
27.24   77.3818   8.79669
27.26   71.7619   8.47124
27.28   66.7312   8.16892
27.3   62.2103   7.88735
27.32   58.1328   7.62449
27.34   54.4425   7.37852
27.36   51.0921   7.14788
27.38   48.0412   6.93118
27.4   45.2551   6.72719
27.42   42.7042   6.53484
27.44   40.3627   6.35316
27.46   38.2083   6.18129
27.48   36.2217   6.01845
27.5   34.3859   5.86395
27.52   32.686   5.71717
27.54   31.109   5.57754
27.56   29.6433   5.44456
27.58   28.2787   5.31777
27.6   27.006   5.19673
27.62   25.8173   5.08108
27.64   24.7054   4.97045
27.66   23.6637   4.86453
27.68   22.6864   4.76302
27.7   21.7684   4.66566
27.72   20.905   4.5722
27.74   20.0919   4.4824
27.76   19.3253   4.4
27.78   18.6017   4.4
27.8   17.918   4.4
27.82   17.2713   4.4
27.84   16.6589   4.4
27.86   16.0785   4.4
27.88   15.5279   4.4
27.9   15.0051   4.4
27.92   14.5083   4.4
27.94   14.0357   4.4
27.96   13.5858   4.4
27.98   13.1572   4.4
28   12.7486   4.4
28.02   12.3587   4.4
28.04   11.9864   4.4
28.06   11.6306   4.4
28.08   11.2905   4.4
28.1   10.9651   4.4
28.12   10.6535   4.4
28.14   10.355   4.4
28.16   10.0689   4.4
28.18   9.79446   4.4
28.2   0   4.4
28.22   0   4.4
28.24   0   4.4
28.26   0   4.4
28.28   0   4.4
28.3   0   4.4
28.32   0   4.4
28.34   0   4.4
28.36   0   4.4
28.38   0   4.4
28.4   0   4.4
28.42   0   4.4
28.44   0   4.4
28.46   0   4.4
28.48   0   4.4
28.5   0   4.4
28.52   0   4.4
28.54   0   4.4
28.56   0   4.4
28.58   0   4.4
28.6   0   4.4
28.62   0   4.4
28.64   0   4.4
28.66   0   4.4
28.68   0   4.4
28.7   0   4.4
28.72   0   4.4
28.74   0   4.4
28.76   0   4.4
28.78   0   4.4
28.8   0   4.4
28.82   0   4.4
28.84   0   4.4
28.86   0   4.4
28.88   0   4.4
28.9   0   4.4
28.92   0   4.4
28.94   0   4.4
28.96   0   4.4
28.98   0   4.4
29   0   4.4
29.02   0   4.4
29.04   0   4.4
29.06   0   4.4
29.08   0   4.4
29.1   0   4.4
29.12   0   4.4
29.14   0   4.4
29.16   0   4.4
29.18   0   4.4
29.2   0   4.4
29.22   0   4.4
29.24   0   4.4
29.26   0   4.4
29.28   0   4.4
29.3   0   4.4
29.32   0   4.4
29.34   0   4.4
29.36   0   4.4
29.38   0   4.4
29.4   0   4.4
29.42   0   4.4
29.44   0   4.4
29.46   0   4.4
29.48   0   4.4
29.5   0.028714   4.4
29.52   0.0295192   4.4
29.54   0.0303588   4.4
29.56   0.0312347   4.4
29.58   0.0321491   4.4
29.6   0.0331042   4.4
29.62   0.0341024   4.4
29.64   0.0351465   4.4
29.66   0.0362393   4.4
29.68   0.0373838   4.4
29.7   0.0385833   4.4
29.72   0.0398415   4.4
29.74   0.0411622   4.4
29.76   0.0425497   4.4
29.78   0.0440085   4.4
29.8   0.0455435   4.4
29.82   0.0471602   4.4
29.84   0.0488645   4.4
29.86   0.0506628   4.4
29.88   0.0525622   4.4
29.9   0.0545704   4.4
29.92   0.0566957   4.4
29.94   0.0589476   4.4
29.96   0.0613363   4.4
29.98   0.063873   4.4
30   0.0665702   4.4
30.02   0.0694418   4.4
30.04   0.0725031   4.4
30.06   0.0757712   4.4
30.08   0.0792651   4.4
30.1   0.083006   4.4
30.12   0.0870178   4.4
30.14   0.0913273   4.4
30.16   0.0959645   4.4
30.18   0.100964   4.4
30.2   0.106363   4.4
30.22   0.112207   4.4
30.24   0.118545   4.4
30.26   0.125435   4.4
30.28   0.132943   4.4
30.3   0.141143   4.4
30.32   0.150125   4.4
30.34   0.15999   4.4
30.36   0.170858   4.4
30.38   0.18287   4.4
30.4   0.19619   4.4
30.42   0.211016   4.4
30.44   0.227583   4.4
30.46   0.246173   4.4
30.48   0.267128   4.4
30.5   0.290866   4.4
30.52   0.317899   4.4
30.54   0.348863   4.4
30.56   0.384556   4.4
30.58   0.425984   4.4
30.6   0.474436   4.4
30.62   0.531583   4.4
30.64   0.599615   4.4
30.66   0.681452   4.4
30.68   0.781052   4.4
30.7   0.903875   4.4
30.72   1.05762   4.4
30.74   1.25338   4.4
30.76   1.50767   4.4
30.78   1.84621   4.4
30.8   2.31224   4.4
30.82   2.98635   4.4
30.84   4.02907   4.4
30.86   5.7481   4.4
30.88   8.64892   4.4
30.9   13.3584   4.4
30.92   20.1543   4.48936
30.94   27.2689   5.22196
30.96   29.1281   5.39705
30.98   23.6037   4.85836
31   16.2098   4.4
31.02   10.5269   4.4
31.04   6.88084   4.4
31.06   4.6997   4.4
31.08   3.39964   4.4
31.1   2.58526   4.4
31.12   2.03827   4.4
31.14   1.64882   4.4
31.16   1.36026   4.4
31.18   1.14041   4.4
31.2   0.969242   4.4
31.22   0.833513   4.4
31.24   0.724164   4.4
31.26   0.634833   4.4
31.28   0.560952   4.4
31.3   0.499175   4.4
31.32   0.447011   4.4
31.34   0.402575   4.4
31.36   0.36442   4.4
31.38   0.33142   4.4
31.4   0.30269   4.4
31.42   0.277527   4.4
31.44   0.255366   4.4
31.46   0.23575   4.4
31.48   0.218303   4.4
31.5   0.202719   4.4
31.52   0.188742   4.4
31.54   0.176158   4.4
31.56   0.16479   4.4
31.58   0.154486   4.4
31.6   0.145117   4.4
31.62   0.136573   4.4
31.64   0.128761   4.4
31.66   0.1216   4.4
31.68   0.115019   4.4
31.7   0.108957   4.4
31.72   0.103362   4.4
31.74   0.0981861   4.4
31.76   0.0933891   4.4
31.78   0.0889349   4.4
31.8   0.0847915   4.4
31.82   0.0809308   4.4
31.84   0.0773276   4.4
31.86   0.0739595   4.4
31.88   0.0708066   4.4
31.9   0.0678509   4.4
31.92   0.0650763   4.4
31.94   0.0624684   4.4
31.96   0.060014   4.4
31.98   0.0577014   4.4
32   0.0555198   4.4
32.02   0.0534596   4.4
32.04   0.0515118   4.4
32.06   0.0496686   4.4
32.08   0.0479224   4.4
32.1   0.0462667   4.4
32.12   0.0446953   4.4
32.14   0.0432026   4.4
32.16   0.0417833   4.4
32.18   0.0404329   4.4
32.2   0.0391468   4.4
32.22   0.0379211   4.4
32.24   0.0367521   4.4
32.26   0.0356362   4.4
32.28   0.0345704   4.4
32.3   0.0335517   4.4
32.32   0.0325773   4.4
32.34   0.0316448   4.4
32.36   0.0307517   4.4
32.38   0.0298959   4.4
32.4   0.0290753   4.4
32.42   0   4.4
32.44   0   4.4
32.46   0   4.4
32.48   0   4.4
32.5   0   4.4
32.52   0   4.4
32.54   0   4.4
32.56   0   4.4
32.58   0   4.4
32.6   0   4.4
32.62   0   4.4
32.64   0   4.4
32.66   0   4.4
32.68   0   4.4
32.7   0   4.4
32.72   0   4.4
32.74   0   4.4
32.76   0   4.4
32.78   0   4.4
32.8   0   4.4
32.82   0   4.4
32.84   0   4.4
32.86   0   4.4
32.88   0   4.4
32.9   0   4.4
32.92   0   4.4
32.94   0   4.4
32.96   0   4.4
32.98   0   4.4
33   0   4.4
33.02   0   4.4
33.04   0   4.4
33.06   0   4.4
33.08   0   4.4
33.1   0   4.4
33.12   0   4.4
33.14   0   4.4
33.16   0   4.4
33.18   0   4.4
33.2   0   4.4
33.22   0   4.4
33.24   0   4.4
33.26   0   4.4
33.28   0   4.4
33.3   0   4.4
33.32   0   4.4
33.34   0   4.4
33.36   0   4.4
33.38   0   4.4
33.4   0   4.4
33.42   0   4.4
33.44   0   4.4
33.46   0   4.4
33.48   0   4.4
33.5   0   4.4
33.52   0   4.4
33.54   0   4.4
33.56   0   4.4
33.58   0   4.4
33.6   0   4.4
33.62   0   4.4
33.64   0   4.4
33.66   0   4.4
33.68   0   4.4
33.7   0   4.4
33.72   0   4.4
33.74   0   4.4
33.76   0   4.4
33.78   0   4.4
33.8   0   4.4
33.82   0   4.4
33.84   0   4.4
33.86   0   4.4
33.88   0   4.4
33.9   0   4.4
33.92   0   4.4
33.94   0   4.4
33.96   0   4.4
33.98   0   4.4
34   0   4.4
34.02   0   4.4
34.04   0   4.4
34.06   0   4.4
34.08   0   4.4
34.1   0   4.4
34.12   0   4.4
34.14   0   4.4
34.16   0   4.4
34.18   0   4.4
34.2   0   4.4
34.22   0   4.4
34.24   0   4.4
34.26   0   4.4
34.28   0   4.4
34.3   0   4.4
34.32   0   4.4
34.34   0   4.4
34.36   0   4.4
34.38   0   4.4
34.4   0   4.4
34.42   0   4.4
34.44   0   4.4
34.46   0   4.4
34.48   0   4.4
34.5   0   4.4
34.52   0   4.4
34.54   0   4.4
34.56   0   4.4
34.58   0   4.4
34.6   0   4.4
34.62   0   4.4
34.64   0   4.4
34.66   0   4.4
34.68   0   4.4
34.7   0   4.4
34.72   0   4.4
34.74   0   4.4
34.76   0   4.4
34.78   0   4.4
34.8   0   4.4
34.82   0   4.4
34.84   0   4.4
34.86   0   4.4
34.88   0   4.4
34.9   0   4.4
34.92   0   4.4
34.94   0   4.4
34.96   0   4.4
34.98   0   4.4
35   0   4.4
35.02   0   4.4
35.04   0   4.4
35.06   0   4.4
35.08   0   4.4
35.1   0   4.4
35.12   0   4.4
35.14   0   4.4
35.16   0   4.4
35.18   0   4.4
35.2   0   4.4
35.22   0   4.4
35.24   0   4.4
35.26   0   4.4
35.28   0   4.4
35.3   0   4.4
35.32   0   4.4
35.34   0   4.4
35.36   0   4.4
35.38   0   4.4
35.4   0   4.4
35.42   0   4.4
35.44   0   4.4
35.46   0   4.4
35.48   0   4.4
35.5   0   4.4
35.52   0   4.4
35.54   0   4.4
35.56   0   4.4
35.58   0   4.4
35.6   0   4.4
35.62   0   4.4
35.64   0   4.4
35.66   0   4.4
35.68   0   4.4
35.7   0   4.4
35.72   0   4.4
35.74   0   4.4
35.76   0   4.4
35.78   0   4.4
35.8   0   4.4
35.82   0   4.4
35.84   0   4.4
35.86   0   4.4
35.88   0   4.4
35.9   0   4.4
35.92   0   4.4
35.94   0   4.4
35.96   0   4.4
35.98   0   4.4
36   0   4.4
36.02   0   4.4
36.04   0   4.4
36.06   0   4.4
36.08   0   4.4
36.1   0   4.4
36.12   0   4.4
36.14   0   4.4
36.16   0   4.4
36.18   0   4.4
36.2   0   4.4
36.22   0   4.4
36.24   0   4.4
36.26   0   4.4
36.28   0   4.4
36.3   0   4.4
36.32   0   4.4
36.34   0   4.4
36.36   0   4.4
36.38   0   4.4
36.4   0   4.4
36.42   0   4.4
36.44   0   4.4
36.46   0   4.4
36.48   0   4.4
36.5   0   4.4
36.52   0   4.4
36.54   0   4.4
36.56   0   4.4
36.58   0   4.4
36.6   0   4.4
36.62   0   4.4
36.64   0   4.4
36.66   0   4.4
36.68   0   4.4
36.7   0   4.4
36.72   0   4.4
36.74   0   4.4
36.76   0   4.4
36.78   0   4.4
36.8   0   4.4
36.82   0   4.4
36.84   0   4.4
36.86   0   4.4
36.88   0   4.4
36.9   0   4.4
36.92   0   4.4
36.94   0   4.4
36.96   0   4.4
36.98   0   4.4
37   0   4.4
37.02   0   4.4
37.04   0   4.4
37.06   0   4.4
37.08   0   4.4
37.1   0   4.4
37.12   0   4.4
37.14   0   4.4
37.16   0   4.4
37.18   0   4.4
37.2   0   4.4
37.22   0   4.4
37.24   0   4.4
37.26   0   4.4
37.28   0   4.4
37.3   0   4.4
37.32   0   4.4
37.34   0   4.4
37.36   0   4.4
37.38   0   4.4
37.4   0   4.4
37.42   0   4.4
37.44   0   4.4
37.46   0   4.4
37.48   0   4.4
37.5   0   4.4
37.52   0   4.4
37.54   0   4.4
37.56   0   4.4
37.58   0   4.4
37.6   0   4.4
37.62   0   4.4
37.64   0   4.4
37.66   0   4.4
37.68   0   4.4
37.7   0   4.4
37.72   0   4.4
37.74   0   4.4
37.76   0   4.4
37.78   0   4.4
37.8   0   4.4
37.82   0   4.4
37.84   0   4.4
37.86   0   4.4
37.88   0   4.4
37.9   0   4.4
37.92   0   4.4
37.94   0   4.4
37.96   0   4.4
37.98   0   4.4
38   0   4.4
38.02   0   4.4
38.04   0   4.4
38.06   0   4.4
38.08   0   4.4
38.1   0   4.4
38.12   0   4.4
38.14   0   4.4
38.16   0   4.4
38.18   0   4.4
38.2   0   4.4
38.22   0   4.4
38.24   0   4.4
38.26   0   4.4
38.28   0   4.4
38.3   0   4.4
38.32   0   4.4
38.34   0   4.4
38.36   0   4.4
38.38   0   4.4
38.4   0   4.4
38.42   0   4.4
38.44   0   4.4
38.46   0   4.4
38.48   0   4.4
38.5   0   4.4
38.52   0   4.4
38.54   0   4.4
38.56   0   4.4
38.58   0   4.4
38.6   0   4.4
38.62   0   4.4
38.64   0   4.4
38.66   0   4.4
38.68   0   4.4
38.7   0   4.4
38.72   0   4.4
38.74   0   4.4
38.76   0   4.4
38.78   0   4.4
38.8   0   4.4
38.82   0   4.4
38.84   0   4.4
38.86   0   4.4
38.88   0   4.4
38.9   0   4.4
38.92   0   4.4
38.94   0   4.4
38.96   0   4.4
38.98   0   4.4
39   0   4.4
39.02   0   4.4
39.04   0   4.4
39.06   0   4.4
39.08   0   4.4
39.1   0   4.4
39.12   0   4.4
39.14   0   4.4
39.16   0   4.4
39.18   0   4.4
39.2   0   4.4
39.22   0   4.4
39.24   0   4.4
39.26   0   4.4
39.28   0   4.4
39.3   0   4.4
39.32   0   4.4
39.34   0   4.4
39.36   0   4.4
39.38   0   4.4
39.4   0   4.4
39.42   0   4.4
39.44   0   4.4
39.46   0   4.4
39.48   0   4.4
39.5   0   4.4
39.52   0   4.4
39.54   0   4.4
39.56   0   4.4
39.58   0   4.4
39.6   0   4.4
39.62   0   4.4
39.64   0   4.4
39.66   0   4.4
39.68   0   4.4
39.7   0   4.4
39.72   0   4.4
39.74   0   4.4
39.76   0   4.4
39.78   0   4.4
39.8   0   4.4
39.82   0   4.4
39.84   0   4.4
39.86   0   4.4
39.88   0   4.4
39.9   0   4.4
39.92   0   4.4
39.94   0   4.4
39.96   0   4.4
39.98   0   4.4
40   0   4.4
40.02   0   4.4
40.04   0   4.4
40.06   0   4.4
40.08   0   4.4
40.1   0   4.4
40.12   0   4.4
40.14   0   4.4
40.16   0   4.4
40.18   0   4.4
40.2   0   4.4
40.22   0   4.4
40.24   0   4.4
40.26   0   4.4
40.28   0   4.4
40.3   0   4.4
40.32   0   4.4
40.34   0   4.4
40.36   0   4.4
40.38   0   4.4
40.4   0   4.4
40.42   0   4.4
40.44   0   4.4
40.46   0   4.4
40.48   0   4.4
40.5   0   4.4
40.52   0   4.4
40.54   0   4.4
40.56   0   4.4
40.58   0   4.4
40.6   0   4.4
40.62   0   4.4
40.64   0   4.4
40.66   0   4.4
40.68   0   4.4
40.7   0   4.4
40.72   0   4.4
40.74   0   4.4
40.76   0   4.4
40.78   0   4.4
40.8   0   4.4
40.82   0   4.4
40.84   0   4.4
40.86   0   4.4
40.88   0   4.4
40.9   0   4.4
40.92   0   4.4
40.94   0   4.4
40.96   0   4.4
40.98   0   4.4
41   0   4.4
41.02   0   4.4
41.04   0   4.4
41.06   0   4.4
41.08   0   4.4
41.1   0   4.4
41.12   0   4.4
41.14   0   4.4
41.16   0   4.4
41.18   0   4.4
41.2   0   4.4
41.22   0   4.4
41.24   0   4.4
41.26   0   4.4
41.28   0   4.4
41.3   0   4.4
41.32   0   4.4
41.34   0   4.4
41.36   0   4.4
41.38   0   4.4
41.4   0   4.4
41.42   0   4.4
41.44   0   4.4
41.46   0   4.4
41.48   0   4.4
41.5   0   4.4
41.52   0   4.4
41.54   0   4.4
41.56   0   4.4
41.58   0   4.4
41.6   0   4.4
41.62   0   4.4
41.64   0   4.4
41.66   0   4.4
41.68   0   4.4
41.7   0   4.4
41.72   0   4.4
41.74   0   4.4
41.76   0   4.4
41.78   0   4.4
41.8   0   4.4
41.82   0   4.4
41.84   0   4.4
41.86   0   4.4
41.88   0   4.4
41.9   0   4.4
41.92   0   4.4
41.94   0   4.4
41.96   0   4.4
41.98   0   4.4
42   0   4.4
42.02   0   4.4
42.04   0   4.4
42.06   0   4.4
42.08   0   4.4
42.1   0   4.4
42.12   0   4.4
42.14   0   4.4
42.16   0   4.4
42.18   0   4.4
42.2   0   4.4
42.22   0   4.4
42.24   0   4.4
42.26   0   4.4
42.28   0   4.4
42.3   0   4.4
42.32   0   4.4
42.34   0   4.4
42.36   0   4.4
42.38   0   4.4
42.4   0   4.4
42.42   0   4.4
42.44   0   4.4
42.46   0   4.4
42.48   0   4.4
42.5   0   4.4
42.52   0   4.4
42.54   0   4.4
42.56   0   4.4
42.58   0   4.4
42.6   0   4.4
42.62   0   4.4
42.64   0   4.4
42.66   0   4.4
42.68   0   4.4
42.7   0   4.4
42.72   0   4.4
42.74   0   4.4
42.76   0   4.4
42.78   0   4.4
42.8   0   4.4
42.82   0   4.4
42.84   0   4.4
42.86   0   4.4
42.88   0   4.4
42.9   7.38187   4.4
42.92   7.59036   4.4
42.94   7.80782   4.4
42.96   8.03475   4.4
42.98   8.27171   4.4
43   8.51931   4.4
43.02   8.77819   4.4
43.04   9.04904   4.4
43.06   9.33262   4.4
43.08   9.62973   4.4
43.1   9.94126   4.4
43.12   10.2681   4.4
43.14   10.6114   4.4
43.16   10.9722   4.4
43.18   11.3516   4.4
43.2   11.7511   4.4
43.22   12.172   4.4
43.24   12.616   4.4
43.26   13.0846   4.4
43.28   13.5799   4.4
43.3   14.1038   4.4
43.32   14.6585   4.4
43.34   15.2467   4.4
43.36   15.8709   4.4
43.38   16.5342   4.4
43.4   17.2399   4.4
43.42   17.9918   4.4
43.44   18.7939   4.4
43.46   19.6508   4.43292
43.48   20.5676   4.53515
43.5   21.55   4.6422
43.52   22.6045   4.75441
43.54   23.7381   4.87218
43.56   24.9591   4.99591
43.58   26.2766   5.12607
43.6   27.7011   5.26319
43.62   29.2445   5.40782
43.64   30.9203   5.56061
43.66   32.7442   5.72225
43.68   34.734   5.89355
43.7   36.9104   6.07539
43.72   39.2975   6.26877
43.74   41.9234   6.47483
43.76   44.8208   6.69483
43.78   48.0285   6.93026
43.8   51.5922   7.18277
43.82   55.5665   7.45429
43.84   60.0167   7.74705
43.86   65.0218   8.06361
43.88   70.6774   8.40698
43.9   77.1009   8.78071
43.92   84.4373   9.18897
43.94   92.8669   9.63675
43.96   102.617   10.13
43.98   113.977   10.676
44   127.318   11.2835
44.02   143.126   11.9635
44.04   162.041   12.7295
44.06   184.926   13.5988
44.08   212.959   14.5931
44.1   247.783   15.7411
44.12   291.74   17.0804
44.14   348.257   18.6616
44.16   422.535   20.5557
44.18   522.96   22.8683
44.2   664.377   25.7755
44.22   875.687   29.592
44.24   1214.21   34.8455
44.26   1782.92   42.2247
44.28   2731.73   52.266
44.3   4201.74   64.8208
44.32   6084.35   78.0022
44.34   7413.62   86.1024
44.36   6835.31   82.676
44.38   5007.07   70.7607
44.4   3308.92   57.5233
44.42   2143.1   46.2936
44.44   1427.7   37.7849
44.46   1003.86   31.6837
44.48   746.069   27.3143
44.5   578.777   24.0578
44.52   462.76   21.5118
44.54   378.3   19.4499
44.56   314.764   17.7416
44.58   265.796   16.3033
44.6   227.302   15.0765
44.62   196.523   14.0187
44.64   171.544   13.0975
44.66   151.007   12.2885
44.68   133.925   11.5726
44.7   119.568   10.9347
44.72   107.389   10.3629
44.74   96.972   9.84743
44.76   87.9934   9.38048
44.78   80.2015   8.95553
44.8   73.3967   8.56719
44.82   67.4197   8.21095
44.84   62.1418   7.88301
44.86   57.4585   7.58014
44.88   53.2839   7.29958
44.9   49.5471   7.03897
44.92   46.1892   6.79626
44.94   43.1606   6.56967
44.96   40.4198   6.35766
44.98   37.9315   6.15886
45   35.6657   5.97208
45.02   33.5967   5.79626
45.04   31.7023   5.63048
45.06   29.9635   5.47389
45.08   28.3637   5.32576
45.1   26.8886   5.18542
45.12   25.5254   5.05227
45.14   24.2632   4.92577
45.16   23.0922   4.80544
45.18   22.0039   4.69084
45.2   20.9907   4.58156
45.22   20.0459   4.47726
45.24   19.1633   4.4
45.26   18.3377   4.4
45.28   17.5643   4.4
45.3   16.8388   4.4
45.32   16.1573   4.4
45.34   15.5163   4.4
45.36   14.9126   4.4
45.38   14.3435   4.4
45.4   13.8064   4.4
45.42   13.2988   4.4
45.44   12.8187   4.4
45.46   12.3641   4.4
45.48   11.9333   4.4
45.5   11.5246   4.4
45.52   11.1365   4.4
45.54   10.7677   4.4
45.56   10.4168   4.4
45.58   10.0829   4.4
45.6   9.76475   4.4
45.62   9.46142   4.4
45.64   9.172   4.4
45.66   8.89565   4.4
45.68   8.6316   4.4
45.7   8.37913   4.4
45.72   8.13757   4.4
45.74   7.90631   4.4
45.76   7.68476   4.4
45.78   7.47239   4.4
45.8   7.2687   4.4
45.82   0   4.4
45.84   0   4.4
45.86   0   4.4
45.88   0   4.4
45.9   0   4.4
45.92   0   4.4
45.94   0   4.4
45.96   0   4.4
45.98   0   4.4
46   0   4.4
46.02   0   4.4
46.04   0   4.4
46.06   0   4.4
46.08   0   4.4
46.1   0   4.4
46.12   0   4.4
46.14   0   4.4
46.16   0   4.4
46.18   0   4.4
46.2   0   4.4
46.22   0   4.4
46.24   0   4.4
46.26   0   4.4
46.28   0   4.4
46.3   0   4.4
46.32   0   4.4
46.34   0   4.4
46.36   0   4.4
46.38   0   4.4
46.4   0   4.4
46.42   0   4.4
46.44   0   4.4
46.46   0   4.4
46.48   0   4.4
46.5   0   4.4
46.52   0   4.4
46.54   0   4.4
46.56   0   4.4
46.58   0   4.4
46.6   0   4.4
46.62   0   4.4
46.64   0   4.4
46.66   0   4.4
46.68   0   4.4
46.7   0   4.4
46.72   0   4.4
46.74   0   4.4
46.76   0   4.4
46.78   0   4.4
46.8   0   4.4
46.82   0   4.4
46.84   0   4.4
46.86   0   4.4
46.88   0   4.4
46.9   0   4.4
46.92   0   4.4
46.94   0   4.4
46.96   0   4.4
46.98   0   4.4
47   0   4.4
47.02   0   4.4
47.04   0   4.4
47.06   0   4.4
47.08   0   4.4
47.1   0   4.4
47.12   0   4.4
47.14   0   4.4
47.16   0   4.4
47.18   0   4.4
47.2   0   4.4
47.22   0   4.4
47.24   0   4.4
47.26   0   4.4
47.28   0   4.4
47.3   0   4.4
47.32   0   4.4
47.34   0   4.4
47.36   0   4.4
47.38   0   4.4
47.4   0   4.4
47.42   0   4.4
47.44   0   4.4
47.46   0   4.4
47.48   0   4.4
47.5   0   4.4
47.52   0   4.4
47.54   0   4.4
47.56   0   4.4
47.58   0   4.4
47.6   0   4.4
47.62   0   4.4
47.64   0   4.4
47.66   0   4.4
47.68   0   4.4
47.7   0   4.4
47.72   0   4.4
47.74   0   4.4
47.76   0   4.4
47.78   0   4.4
47.8   0   4.4
47.82   0   4.4
47.84   0   4.4
47.86   0   4.4
47.88   0   4.4
47.9   0   4.4
47.92   0   4.4
47.94   0   4.4
47.96   0   4.4
47.98   0   4.4
48   0   4.4
48.02   0   4.4
48.04   0   4.4
48.06   0   4.4
48.08   0   4.4
48.1   0   4.4
48.12   0   4.4
48.14   0   4.4
48.16   0   4.4
48.18   0   4.4
48.2   0   4.4
48.22   0   4.4
48.24   0   4.4
48.26   0   4.4
48.28   0   4.4
48.3   0   4.4
48.32   0   4.4
48.34   0   4.4
48.36   0   4.4
48.38   0   4.4
48.4   0   4.4
48.42   0   4.4
48.44   0   4.4
48.46   0   4.4
48.48   0   4.4
48.5   0   4.4
48.52   0   4.4
48.54   0   4.4
48.56   0   4.4
48.58   0   4.4
48.6   0   4.4
48.62   0   4.4
48.64   0   4.4
48.66   0   4.4
48.68   0   4.4
48.7   0   4.4
48.72   0   4.4
48.74   0   4.4
48.76   0   4.4
48.78   0   4.4
48.8   0   4.4
48.82   0   4.4
48.84   0   4.4
48.86   0   4.4
48.88   0   4.4
48.9   0   4.4
48.92   0   4.4
48.94   0   4.4
48.96   0   4.4
48.98   0   4.4
49   0   4.4
49.02   0   4.4
49.04   0   4.4
49.06   0   4.4
49.08   0   4.4
49.1   0   4.4
49.12   0   4.4
49.14   0   4.4
49.16   0   4.4
49.18   0   4.4
49.2   0   4.4
49.22   0   4.4
49.24   0   4.4
49.26   0   4.4
49.28   0   4.4
49.3   0   4.4
49.32   0   4.4
49.34   0   4.4
49.36   0   4.4
49.38   0   4.4
49.4   0   4.4
49.42   0   4.4
49.44   0   4.4
49.46   0   4.4
49.48   0   4.4
49.5   0   4.4
49.52   0   4.4
49.54   0   4.4
49.56   0   4.4
49.58   0   4.4
49.6   0   4.4
49.62   0   4.4
49.64   0   4.4
49.66   0   4.4
49.68   0   4.4
49.7   0   4.4
49.72   0   4.4
49.74   0   4.4
49.76   0   4.4
49.78   0   4.4
49.8   0   4.4
49.82   0   4.4
49.84   0   4.4
49.86   0   4.4
49.88   0   4.4
49.9   0   4.4
49.92   0   4.4
49.94   0   4.4
49.96   0   4.4
49.98   0   4.4
50   0   4.4
50.02   0   4.4
50.04   0   4.4
50.06   0   4.4
50.08   0   4.4
50.1   0   4.4
50.12   0   4.4
50.14   0   4.4
50.16   0   4.4
50.18   0   4.4
50.2   0   4.4
50.22   0   4.4
50.24   0   4.4
50.26   0   4.4
50.28   0   4.4
50.3   0   4.4
50.32   0   4.4
50.34   0   4.4
50.36   0   4.4
50.38   0   4.4
50.4   0   4.4
50.42   0   4.4
50.44   0   4.4
50.46   0   4.4
50.48   0   4.4
50.5   0   4.4
50.52   0   4.4
50.54   0   4.4
50.56   0   4.4
50.58   0   4.4
50.6   0   4.4
50.62   0   4.4
50.64   0   4.4
50.66   0   4.4
50.68   0   4.4
50.7   0   4.4
50.72   0   4.4
50.74   0   4.4
50.76   0   4.4
50.78   0   4.4
50.8   0   4.4
50.82   0   4.4
50.84   0   4.4
50.86   0   4.4
50.88   0   4.4
50.9   0   4.4
50.92   0   4.4
50.94   0   4.4
50.96   0   4.4
50.98   0   4.4
51   0   4.4
51.02   0   4.4
51.04   0   4.4
51.06   4.27954   4.4
51.08   4.39819   4.4
51.1   4.52185   4.4
51.12   4.65079   4.4
51.14   4.78532   4.4
51.16   4.92578   4.4
51.18   5.07251   4.4
51.2   5.22589   4.4
51.22   5.38633   4.4
51.24   5.55427   4.4
51.26   5.73018   4.4
51.28   5.91458   4.4
51.3   6.10802   4.4
51.32   6.31111   4.4
51.34   6.52448   4.4
51.36   6.74886   4.4
51.38   6.98501   4.4
51.4   7.23376   4.4
51.42   7.49603   4.4
51.44   7.77282   4.4
51.46   8.06522   4.4
51.48   8.37442   4.4
51.5   8.70173   4.4
51.52   9.04859   4.4
51.54   9.4166   4.4
51.56   9.8075   4.4
51.58   10.2232   4.4
51.6   10.666   4.4
51.62   11.138   4.4
51.64   11.6421   4.4
51.66   12.1812   4.4
51.68   12.7585   4.4
51.7   13.3779   4.4
51.72   14.0434   4.4
51.74   14.7597   4.4
51.76   15.5322   4.4
51.78   16.3669   4.4
51.8   17.2706   4.4
51.82   18.2511   4.4
51.84   19.3175   4.4
51.86   20.4799   4.52547
51.88   21.7502   4.66371
51.9   23.1423   4.81064
51.92   24.6721   4.9671
51.94   26.3583   5.13404
51.96   28.2231   5.31254
51.98   30.2924   5.50385
52   32.5972   5.70939
52.02   35.1745   5.93081
52.04   38.0688   6.16999
52.06   41.3342   6.42917
52.08   45.0366   6.71093
52.1   49.2573   7.01835
52.12   54.0971   7.35507
52.14   59.6827   7.72546
52.16   66.1743   8.13476
52.18   73.7778   8.5894
52.2   82.76   9.09725
52.22   93.4724   9.66811
52.24   106.385   10.3143
52.26   122.135   11.0515
52.28   141.607   11.8999
52.3   166.053   12.8861
52.32   197.284   14.0458
52.34   238.018   15.4278
52.36   292.529   17.1035
52.38   368.136   19.1869
52.4   478.718   21.8796
52.42   651.972   25.5337
52.44   939.947   30.6586
52.46   1424.85   37.7471
52.48   2200.94   46.9142
52.5   3281.71   57.2863
52.52   4295.32   65.5387
52.54   4353.72   65.9827
52.56   3389.26   58.2174
52.58   2289.43   47.848
52.6   1483.02   38.51
52.62   975.002   31.225
52.64   672.718   25.9368
52.66   491.507   22.17
52.68   376.589   19.4059
52.7   298.478   17.2765
52.72   242.391   15.5689
52.74   200.597   14.1632
52.76   168.619   12.9853
52.78   143.633   11.9847
52.8   123.761   11.1248
52.82   107.709   10.3783
52.84   94.5643   9.72442
52.86   83.6705   9.14716
52.88   74.5448   8.63393
52.9   66.8263   8.17473
52.92   60.2414   7.76153
52.94   54.5795   7.38779
52.96   49.6765   7.04816
52.98   45.4033   6.7382
53   41.6567   6.4542
53.02   38.3539   6.19305
53.04   35.4277   5.95212
53.06   32.8231   5.72915
53.08   30.4948   5.52221
53.1   28.4052   5.32965
53.12   26.5227   5.15002
53.14   24.8209   4.98206
53.16   23.2775   4.82468
53.18   21.8734   4.67691
53.2   20.5925   4.53789
53.22   19.4206   4.40688
53.24   18.3459   4.4
53.26   17.3578   4.4
53.28   16.4473   4.4
53.3   15.6066   4.4
53.32   14.8286   4.4
53.34   14.1073   4.4
53.36   13.4373   4.4
53.38   12.8139   4.4
53.4   12.2328   4.4
53.42   11.6904   4.4
53.44   11.1832   4.4
53.46   10.7083   4.4
53.48   10.263   4.4
53.5   9.84482   4.4
53.52   9.45171   4.4
53.54   9.08166   4.4
53.56   8.73291   4.4
53.58   8.40386   4.4
53.6   8.09305   4.4
53.62   7.80786   4.4
53.64   7.52993   4.4
53.66   7.26661   4.4
53.68   7.01692   4.4
53.7   6.77993   4.4
53.72   6.55479   4.4
53.74   6.34073   4.4
53.76   6.13705   4.4
53.78   5.94308   4.4
53.8   5.75822   4.4
53.82   5.58191   4.4
53.84   5.41364   4.4
53.86   5.25294   4.4
53.88   5.09935   4.4
53.9   4.95248   4.4
53.92   4.81193   4.4
53.94   4.67736   4.4
53.96   4.54845   4.4
53.98   4.42487   4.4
54   4.30636   4.4
54.02   0.0166856   4.4
54.04   0.0173452   4.4
54.06   0.0180446   4.4
54.08   0.0187871   4.4
54.1   0.0195765   4.4
54.12   0.0204165   4.4
54.14   0.0213118   4.4
54.16   0.0222673   4.4
54.18   0.0232883   4.4
54.2   0.0243812   4.4
54.22   0.0255527   4.4
54.24   0.0268107   4.4
54.26   0.0281637   4.4
54.28   0.0296217   4.4
54.3   0.0311957   4.4
54.32   0.0328984   4.4
54.34   0.0347442   4.4
54.36   0.0367495   4.4
54.38   0.0389332   4.4
54.4   0.041317   4.4
54.42   0.0439263   4.4
54.44   0.0467902   4.4
54.46   0.0499429   4.4
54.48   0.0534245   4.4
54.5   0.0572821   4.4
54.52   0.061572   4.4
54.54   0.0663608   4.4
54.56   0.0717288   4.4
54.58   0.0777729   4.4
54.6   0.0846112   4.4
54.62   0.0923885   4.4
54.64   0.101284   4.4
54.66   0.111521   4.4
54.68   0.123383   4.4
54.7   0.13723   4.4
54.72   0.153527   4.4
54.74   0.172882   4.4
54.76   0.196104   4.4
54.78   0.224283   4.4
54.8   0.258916   4.4
54.82   0.302103   4.4
54.84   0.356853   4.4
54.86   0.427608   4.4
54.88   0.521188   4.4
54.9   0.648816   4.4
54.92   0.830895   4.4
54.94   1.10773   4.4
54.96   1.55818   4.4
54.98   2.31805   4.4
55   3.5709   4.4
55.02   5.45061   4.4
55.04   7.65526   4.4
55.06   8.74931   4.4
55.08   7.53138   4.4
55.1   5.31861   4.4
55.12   3.47656   4.4
55.14   2.25925   4.4
55.16   1.52335   4.4
55.18   1.08682   4.4
55.2   0.817563   4.4
55.22   0.639701   4.4
55.24   0.514617   4.4
55.26   0.422699   4.4
55.28   0.353091   4.4
55.3   0.299159   4.4
55.32   0.256572   4.4
55.34   0.222388   4.4
55.36   0.194551   4.4
55.38   0.171594   4.4
55.4   0.152447   4.4
55.42   0.136316   4.4
55.44   0.122603   4.4
55.46   0.11085   4.4
55.48   0.100703   4.4
55.5   0.0918816   4.4
55.52   0.0841667   4.4
55.54   0.0773809   4.4
55.56   0.0713814   4.4
55.58   0.0660515   4.4
55.6   0.0612954   4.4
55.62   0.0570339   4.4
55.64   0.0532007   4.4
55.66   0.0497406   4.4
55.68   0.0466067   4.4
55.7   0.0437593   4.4
55.72   0.0411647   4.4
55.74   0.0387938   4.4
55.76   0.0366216   4.4
55.78   0.0346266   4.4
55.8   0.0327901   4.4
55.82   0.0310957   4.4
55.84   0.0295291   4.4
55.86   0.0280779   4.4
55.88   0.0267309   4.4
55.9   0.0254785   4.4
55.92   0.024312   4.4
55.94   0.0232237   4.4
55.96   0.0222069   4.4
55.98   0.0212553   4.4
56   0.0203635   4.4
56.02   0.0195267   4.4
56.04   0.0187403   4.4
56.06   0.0180005   4.4
56.08   0.0173036   4.4
56.1   0.0166464   4.4
56.12   0.0160259   4.4
56.14   0.0154394   4.4
56.16   0.0148845   4.4
56.18   0.014359   4.4
56.2   0.0138608   4.4
56.22   0.0133881   4.4
56.24   0.0129392   4.4
56.26   0.0125124   4.4
56.28   0.0121064   4.4
56.3   0.0117199   4.4
56.32   0.0113515   4.4
56.34   0.0110003   4.4
56.36   0.010665   4.4
56.38   0.0103449   4.4
56.4   0.010039   4.4
56.42   0.00974641   4.4
56.44   0.00946644   4.4
56.46   0.00919836   4.4
56.48   0.00894151   4.4
56.5   0.00869526   4.4
56.52   0   4.4
56.54   0   4.4
56.56   0   4.4
56.58   0   4.4
56.6   0   4.4
56.62   0   4.4
56.64   0   4.4
56.66   0   4.4
56.68   0   4.4
56.7   0   4.4
56.72   0   4.4
56.74   0   4.4
56.76   0   4.4
56.78   0   4.4
56.8   0   4.4
56.82   0   4.4
56.84   0   4.4
56.86   0   4.4
56.88   0   4.4
56.9   0   4.4
56.92   0   4.4
56.94   0   4.4
56.96   0   4.4
56.98   0   4.4
57   0   4.4
57.02   0   4.4
57.04   0   4.4
57.06   0   4.4
57.08   0   4.4
57.1   0   4.4
57.12   0   4.4
57.14   0   4.4
57.16   0   4.4
57.18   0   4.4
57.2   0   4.4
57.22   0   4.4
57.24   0   4.4
57.26   0   4.4
57.28   0   4.4
57.3   0   4.4
57.32   0   4.4
57.34   0   4.4
57.36   0   4.4
57.38   0   4.4
57.4   0   4.4
57.42   0   4.4
57.44   0   4.4
57.46   0   4.4
57.48   0   4.4
57.5   0   4.4
57.52   0   4.4
57.54   0   4.4
57.56   0   4.4
57.58   0   4.4
57.6   0   4.4
57.62   0   4.4
57.64   0   4.4
57.66   0   4.4
57.68   0   4.4
57.7   0   4.4
57.72   0   4.4
57.74   0   4.4
57.76   0   4.4
57.78   0   4.4
57.8   0   4.4
57.82   0   4.4
57.84   0   4.4
57.86   0   4.4
57.88   0   4.4
57.9   0   4.4
57.92   0   4.4
57.94   0   4.4
57.96   0   4.4
57.98   0   4.4
58   0   4.4
58.02   0   4.4
58.04   0   4.4
58.06   0   4.4
58.08   0   4.4
58.1   0   4.4
58.12   0   4.4
58.14   0   4.4
58.16   0   4.4
58.18   0   4.4
58.2   0   4.4
58.22   0   4.4
58.24   0   4.4
58.26   0   4.4
58.28   0   4.4
58.3   0   4.4
58.32   0   4.4
58.34   0   4.4
58.36   0   4.4
58.38   0   4.4
58.4   0   4.4
58.42   0   4.4
58.44   0   4.4
58.46   0   4.4
58.48   0   4.4
58.5   0   4.4
58.52   0   4.4
58.54   0   4.4
58.56   0   4.4
58.58   0   4.4
58.6   0   4.4
58.62   0   4.4
58.64   0   4.4
58.66   0   4.4
58.68   0   4.4
58.7   0   4.4
58.72   0   4.4
58.74   0   4.4
58.76   0   4.4
58.78   0   4.4
58.8   0   4.4
58.82   0   4.4
58.84   0   4.4
58.86   0   4.4
58.88   0   4.4
58.9   0   4.4
58.92   0   4.4
58.94   0   4.4
58.96   0   4.4
58.98   0   4.4
59   0   4.4
59.02   0   4.4
59.04   0   4.4
59.06   0   4.4
59.08   0   4.4
59.1   0   4.4
59.12   0   4.4
59.14   0   4.4
59.16   0   4.4
59.18   0   4.4
59.2   0   4.4
59.22   0   4.4
59.24   0   4.4
59.26   0   4.4
59.28   0   4.4
59.3   0   4.4
59.32   0   4.4
59.34   0   4.4
59.36   0   4.4
59.38   0   4.4
59.4   0   4.4
59.42   0   4.4
59.44   0   4.4
59.46   0   4.4
59.48   0   4.4
59.5   0   4.4
59.52   0   4.4
59.54   0   4.4
59.56   0   4.4
59.58   0   4.4
59.6   0   4.4
59.62   0   4.4
59.64   0   4.4
59.66   0   4.4
59.68   0   4.4
59.7   0   4.4
59.72   0   4.4
59.74   0   4.4
59.76   0   4.4
59.78   0   4.4
59.8   0   4.4
59.82   0   4.4
59.84   0   4.4
59.86   0   4.4
59.88   0   4.4
59.9   0   4.4
59.92   0   4.4
59.94   0   4.4
59.96   0   4.4
59.98   0   4.4
60   0   4.4
60.02   0   4.4
60.04   0   4.4
60.06   0   4.4
60.08   0   4.4
60.1   0   4.4
60.12   0   4.4
60.14   0   4.4
60.16   0   4.4
60.18   0   4.4
60.2   0   4.4
60.22   0   4.4
60.24   0   4.4
60.26   0   4.4
60.28   0   4.4
60.3   0   4.4
60.32   0   4.4
60.34   0   4.4
60.36   0   4.4
60.38   0   4.4
60.4   0   4.4
60.42   0   4.4
60.44   0   4.4
60.46   0   4.4
60.48   0   4.4
60.5   0   4.4
60.52   0   4.4
60.54   0   4.4
60.56   0   4.4
60.58   0   4.4
60.6   0   4.4
60.62   0   4.4
60.64   0   4.4
60.66   0   4.4
60.68   0   4.4
60.7   0   4.4
60.72   0   4.4
60.74   0   4.4
60.76   0   4.4
60.78   0   4.4
60.8   0   4.4
60.82   0   4.4
60.84   0   4.4
60.86   0   4.4
60.88   0   4.4
60.9   0   4.4
60.92   0   4.4
60.94   0   4.4
60.96   0   4.4
60.98   0   4.4
61   0   4.4
61.02   0   4.4
61.04   0   4.4
61.06   0   4.4
61.08   0   4.4
61.1   0   4.4
61.12   0   4.4
61.14   0   4.4
61.16   0   4.4
61.18   0   4.4
61.2   0   4.4
61.22   0   4.4
61.24   0   4.4
61.26   0   4.4
61.28   0   4.4
61.3   0   4.4
61.32   0   4.4
61.34   0   4.4
61.36   0   4.4
61.38   0   4.4
61.4   0   4.4
61.42   0   4.4
61.44   0   4.4
61.46   0   4.4
61.48   0   4.4
61.5   0   4.4
61.52   0   4.4
61.54   0   4.4
61.56   0   4.4
61.58   0   4.4
61.6   0   4.4
61.62   0   4.4
61.64   0   4.4
61.66   0   4.4
61.68   0   4.4
61.7   0   4.4
61.72   0   4.4
61.74   0   4.4
61.76   0   4.4
61.78   0   4.4
61.8   0   4.4
61.82   0   4.4
61.84   0   4.4
61.86   0   4.4
61.88   0   4.4
61.9   0   4.4
61.92   0   4.4
61.94   0   4.4
61.96   0   4.4
61.98   0   4.4
62   0   4.4
62.02   0   4.4
62.04   0   4.4
62.06   0   4.4
62.08   0   4.4
62.1   0   4.4
62.12   0   4.4
62.14   0   4.4
62.16   0   4.4
62.18   0   4.4
62.2   0   4.4
62.22   0   4.4
62.24   0   4.4
62.26   0   4.4
62.28   0   4.4
62.3   0   4.4
62.32   0   4.4
62.34   0   4.4
62.36   0   4.4
62.38   0   4.4
62.4   0   4.4
62.42   0   4.4
62.44   0   4.4
62.46   0   4.4
62.48   0   4.4
62.5   0   4.4
62.52   0   4.4
62.54   0   4.4
62.56   0   4.4
62.58   0   4.4
62.6   0   4.4
62.62   0   4.4
62.64   0   4.4
62.66   0   4.4
62.68   0   4.4
62.7   0   4.4
62.72   0   4.4
62.74   0   4.4
62.76   0   4.4
62.78   0   4.4
62.8   0   4.4
62.82   0   4.4
62.84   0   4.4
62.86   0   4.4
62.88   0   4.4
62.9   0   4.4
62.92   0   4.4
62.94   0   4.4
62.96   0   4.4
62.98   0   4.4
63   0   4.4
63.02   0   4.4
63.04   0   4.4
63.06   1.15056   4.4
63.08   1.18286   4.4
63.1   1.21653   4.4
63.12   1.25166   4.4
63.14   1.28834   4.4
63.16   1.32665   4.4
63.18   1.36669   4.4
63.2   1.40858   4.4
63.22   1.45242   4.4
63.24   1.49834   4.4
63.26   1.54646   4.4
63.28   1.59695   4.4
63.3   1.64994   4.4
63.32   1.70562   4.4
63.34   1.76416   4.4
63.36   1.82577   4.4
63.38   1.89065   4.4
63.4   1.95906   4.4
63.42   2.03125   4.4
63.44   2.10749   4.4
63.46   2.18811   4.4
63.48   2.27344   4.4
63.5   2.36386   4.4
63.52   2.45977   4.4
63.54   2.56164   4.4
63.56   2.66996   4.4
63.58   2.7853   4.4
63.6   2.90826   4.4
63.62   3.03955   4.4
63.64   3.17991   4.4
63.66   3.33022   4.4
63.68   3.49143   4.4
63.7   3.66462   4.4
63.72   3.85101   4.4
63.74   4.05196   4.4
63.76   4.26904   4.4
63.78   4.50402   4.4
63.8   4.75891   4.4
63.82   5.03602   4.4
63.84   5.33802   4.4
63.86   5.66796   4.4
63.88   6.0294   4.4
63.9   6.42647   4.4
63.92   6.86399   4.4
63.94   7.34764   4.4
63.96   7.88412   4.4
63.98   8.48139   4.4
64   9.14896   4.4
64.02   9.89828   4.4
64.04   10.7432   4.4
64.06   11.7006   4.4
64.08   12.7914   4.4
64.1   14.0412   4.4
64.12   15.4826   4.4
64.14   17.1563   4.4
64.16   19.1149   4.4
64.18   21.4263   4.62885
64.2   24.1797   4.91728
64.22   27.4943   5.2435
64.24   31.5315   5.6153
64.26   36.5148   6.04275
64.28   42.759   6.53904
64.3   50.7195   7.12177
64.32   61.0753   7.81507
64.34   74.8873   8.65375
64.36   93.9518   9.69287
64.38   121.638   11.0289
64.4   164.663   12.8321
64.42   235.819   15.3564
64.44   355.826   18.8633
64.46   549.707   23.4458
64.48   826.085   28.7417
64.5   1104.89   33.2399
64.52   1158.07   34.0304
64.54   924.361   30.4033
64.56   630.751   25.1148
64.58   409.153   20.2275
64.6   267.967   16.3697
64.62   183.693   13.5533
64.64   133.367   11.5484
64.66   101.702   10.0848
64.68   80.3408   8.96331
64.7   65.0837   8.06745
64.72   53.7551   7.33178
64.74   45.1106   6.71645
64.76   38.3715   6.19447
64.78   33.0217   5.74645
64.8   28.7076   5.35794
64.82   25.1801   5.01798
64.84   22.2606   4.71811
64.86   19.8177   4.45171
64.88   17.7537   4.4
64.9   15.9945   4.4
64.92   14.4832   4.4
64.94   13.1755   4.4
64.96   12.0366   4.4
64.98   11.0386   4.4
65   10.1595   4.4
65.02   9.38098   4.4
65.04   8.68841   4.4
65.06   8.0696   4.4
65.08   7.51446   4.4
65.1   7.01457   4.4
65.12   6.56284   4.4
65.14   6.1533   4.4
65.16   5.78085   4.4
65.18   5.44117   4.4
65.2   5.13052   4.4
65.22   4.84569   4.4
65.24   4.58391   4.4
65.26   4.34274   4.4
65.28   4.1201   4.4
65.3   3.91413   4.4
65.32   3.7232   4.4
65.34   3.5459   4.4
65.36   3.38095   4.4
65.38   3.22724   4.4
65.4   3.08376   4.4
65.42   2.94964   4.4
65.44   2.82407   4.4
65.46   2.70635   4.4
65.48   2.59583   4.4
65.5   2.49194   4.4
65.52   2.39415   4.4
65.54   2.30201   4.4
65.56   2.21509   4.4
65.58   2.13299   4.4
65.6   2.05537   4.4
65.62   1.9819   4.4
65.64   1.91231   4.4
65.66   1.84631   4.4
65.68   1.78368   4.4
65.7   1.72417   4.4
65.72   1.66759   4.4
65.74   1.61375   4.4
65.76   1.56247   4.4
65.78   1.5136   4.4
65.8   1.46699   4.4
65.82   1.42249   4.4
65.84   1.37999   4.4
65.86   1.33936   4.4
65.88   1.30051   4.4
65.9   1.26331   4.4
65.92   1.22769   4.4
65.94   1.19356   4.4
65.96   1.16082   4.4
65.98   1.12942   4.4
66   0   4.4
66.02   0   4.4
66.04   0   4.4
66.06   0   4.4
66.08   0   4.4
66.1   0   4.4
66.12   0   4.4
66.14   0   4.4
66.16   0   4.4
66.18   0   4.4
66.2   0   4.4
66.22   0   4.4
66.24   0   4.4
66.26   0   4.4
66.28   0   4.4
66.3   0   4.4
66.32   0   4.4
66.34   0   4.4
66.36   0   4.4
66.38   0   4.4
66.4   0   4.4
66.42   0   4.4
66.44   0   4.4
66.46   0   4.4
66.48   0   4.4
66.5   0   4.4
66.52   0   4.4
66.54   0   4.4
66.56   0   4.4
66.58   0   4.4
66.6   0   4.4
66.62   0   4.4
66.64   0   4.4
66.66   0   4.4
66.68   0   4.4
66.7   0   4.4
66.72   0   4.4
66.74   0   4.4
66.76   0   4.4
66.78   0   4.4
66.8   0   4.4
66.82   0   4.4
66.84   0   4.4
66.86   0   4.4
66.88   0   4.4
66.9   0   4.4
66.92   0   4.4
66.94   0   4.4
66.96   0   4.4
66.98   0   4.4
67   0   4.4
67.02   0   4.4
67.04   0   4.4
67.06   0   4.4
67.08   0   4.4
67.1   0   4.4
67.12   0   4.4
67.14   0   4.4
67.16   0   4.4
67.18   0   4.4
67.2   0   4.4
67.22   0   4.4
67.24   0   4.4
67.26   0   4.4
67.28   0   4.4
67.3   0   4.4
67.32   0   4.4
67.34   0   4.4
67.36   0   4.4
67.38   0   4.4
67.4   0   4.4
67.42   0   4.4
67.44   0   4.4
67.46   0   4.4
67.48   0   4.4
67.5   0   4.4
67.52   0   4.4
67.54   0   4.4
67.56   0   4.4
67.58   0   4.4
67.6   0   4.4
67.62   0   4.4
67.64   0   4.4
67.66   0   4.4
67.68   0   4.4
67.7   0   4.4
67.72   0   4.4
67.74   0   4.4
67.76   0   4.4
67.78   0   4.4
67.8   0   4.4
67.82   0   4.4
67.84   0   4.4
67.86   0   4.4
67.88   0   4.4
67.9   0   4.4
67.92   0   4.4
67.94   0   4.4
67.96   0   4.4
67.98   0   4.4
68   0   4.4
68.02   0   4.4
68.04   0   4.4
68.06   0   4.4
68.08   0   4.4
68.1   0   4.4
68.12   0   4.4
68.14   0   4.4
68.16   0   4.4
68.18   0   4.4
68.2   0   4.4
68.22   0   4.4
68.24   0   4.4
68.26   0   4.4
68.28   0   4.4
68.3   0   4.4
68.32   0   4.4
68.34   0   4.4
68.36   0   4.4
68.38   0   4.4
68.4   0   4.4
68.42   0   4.4
68.44   0   4.4
68.46   0   4.4
68.48   0   4.4
68.5   0   4.4
68.52   0   4.4
68.54   0   4.4
68.56   0   4.4
68.58   0   4.4
68.6   0   4.4
68.62   0   4.4
68.64   0   4.4
68.66   0   4.4
68.68   0   4.4
68.7   0   4.4
68.72   0   4.4
68.74   0   4.4
68.76   0   4.4
68.78   0   4.4
68.8   0   4.4
68.82   0   4.4
68.84   0   4.4
68.86   0   4.4
68.88   0   4.4
68.9   0   4.4
68.92   0   4.4
68.94   0   4.4
68.96   0   4.4
68.98   0   4.4
69   0   4.4
69.02   0   4.4
69.04   0   4.4
69.06   0   4.4
69.08   0   4.4
69.1   0   4.4
69.12   0   4.4
69.14   0   4.4
69.16   0   4.4
69.18   0   4.4
69.2   0   4.4
69.22   0   4.4
69.24   0   4.4
69.26   0   4.4
69.28   0   4.4
69.3   0   4.4
69.32   0   4.4
69.34   0   4.4
69.36   0   4.4
69.38   0   4.4
69.4   0   4.4
69.42   0   4.4
69.44   0   4.4
69.46   0   4.4
69.48   0   4.4
69.5   0   4.4
69.52   0   4.4
69.54   0   4.4
69.56   0   4.4
69.58   0   4.4
69.6   0   4.4
69.62   0   4.4
69.64   0   4.4
69.66   1.68402   4.4
69.68   1.73087   4.4
69.7   1.77969   4.4
69.72   1.83061   4.4
69.74   1.88375   4.4
69.76   1.93923   4.4
69.78   1.9972   4.4
69.8   2.0578   4.4
69.82   2.12121   4.4
69.84   2.18759   4.4
69.86   2.25713   4.4
69.88   2.33004   4.4
69.9   2.40654   4.4
69.92   2.48687   4.4
69.94   2.57129   4.4
69.96   2.66007   4.4
69.98   2.75353   4.4
70   2.85201   4.4
70.02   2.95585   4.4
70.04   3.06547   4.4
70.06   3.1813   4.4
70.08   3.30382   4.4
70.1   3.43354   4.4
70.12   3.57105   4.4
70.14   3.71698   4.4
70.16   3.87204   4.4
70.18   4.03699   4.4
70.2   4.21271   4.4
70.22   4.40014   4.4
70.24   4.60034   4.4
70.26   4.81452   4.4
70.28   5.04398   4.4
70.3   5.29024   4.4
70.32   5.55495   4.4
70.34   5.84001   4.4
70.36   6.14755   4.4
70.38   6.48001   4.4
70.4   6.84014   4.4
70.42   7.23109   4.4
70.44   7.65648   4.4
70.46   8.12047   4.4
70.48   8.62786   4.4
70.5   9.18422   4.4
70.52   9.79606   4.4
70.54   10.471   4.4
70.56   11.2179   4.4
70.58   12.0475   4.4
70.6   12.9724   4.4
70.62   14.0076   4.4
70.64   15.1714   4.4
70.66   16.4858   4.4
70.68   17.9781   4.4
70.7   19.6814   4.43638
70.72   21.6376   4.65162
70.74   23.8987   4.88863
70.76   26.5312   5.15085
70.78   29.6206   5.44249
70.8   33.2781   5.76872
70.82   37.6505   6.136
70.84   42.935   6.55248
70.86   49.4005   7.02855
70.88   57.4213   7.57769
70.9   67.53   8.21766
70.92   80.5037   8.97239
70.94   97.5174   9.87509
70.96   120.452   10.975
70.98   152.605   12.3533
71   200.355   14.1547
71.02   276.391   16.625
71.04   403.826   20.0954
71.06   617.126   24.842
71.08   950.927   30.8371
71.1   1389.84   37.2805
71.12   1730.13   41.5948
71.14   1637.3   40.4636
71.16   1218.03   34.9003
71.18   809.112   28.4449
71.2   523.777   22.8862
71.22   347.539   18.6424
71.24   243.071   15.5907
71.26   179.819   13.4097
71.28   139.036   11.7914
71.3   110.905   10.5312
71.32   90.501   9.5132
71.34   75.1905   8.67125
71.36   63.4139   7.96328
71.38   54.1716   7.36013
71.4   46.7923   6.84049
71.42   40.8115   6.38839
71.44   35.8995   5.99162
71.46   31.8179   5.64074
71.48   28.3907   5.32829
71.5   25.4857   5.04834
71.52   23.0027   4.79612
71.54   20.8641   4.56772
71.56   19.0092   4.4
71.58   17.3901   4.4
71.6   15.9688   4.4
71.62   14.7143   4.4
71.64   13.6015   4.4
71.66   12.6101   4.4
71.68   11.7229   4.4
71.7   10.926   4.4
71.72   10.2075   4.4
71.74   9.5574   4.4
71.76   8.9674   4.4
71.78   8.43029   4.4
71.8   7.95686   4.4
71.82   7.50848   4.4
71.84   7.09708   4.4
71.86   6.71871   4.4
71.88   6.36994   4.4
71.9   6.04777   4.4
71.92   5.74959   4.4
71.94   5.47308   4.4
71.96   5.21621   4.4
71.98   4.97716   4.4
72   4.75435   4.4
72.02   4.54634   4.4
72.04   4.35187   4.4
72.06   4.1698   4.4
72.08   3.99911   4.4
72.1   3.83889   4.4
72.12   3.68831   4.4
72.14   3.54664   4.4
72.16   3.41318   4.4
72.18   3.28735   4.4
72.2   3.16859   4.4
72.22   3.05639   4.4
72.24   2.9503   4.4
72.26   2.84991   4.4
72.28   2.75484   4.4
72.3   2.66473   4.4
72.32   2.57928   4.4
72.34   2.4982   4.4
72.36   2.42123   4.4
72.38   2.34811   4.4
72.4   2.27864   4.4
72.42   2.21261   4.4
72.44   2.14983   4.4
72.46   2.09015   4.4
72.48   2.03341   4.4
72.5   1.97946   4.4
72.52   1.9282   4.4
72.54   1.87951   4.4
72.56   1.83329   4.4
72.58   1.78947   4.4
72.6   0.0811883   4.4
72.62   0.0862392   4.4
72.64   0.0917755   4.4
72.66   0.0978613   4.4
72.68   0.104572   4.4
72.7   0.111994   4.4
72.72   0.120234   4.4
72.74   0.129415   4.4
72.76   0.139686   4.4
72.78   0.151225   4.4
72.8   0.164249   4.4
72.82   0.179024   4.4
72.84   0.195876   4.4
72.86   0.215211   4.4
72.88   0.23754   4.4
72.9   0.263509   4.4
72.92   0.29395   4.4
72.94   0.329942   4.4
72.96   0.372908   4.4
72.98   0.424753   4.4
73   0.48807   4.4
73.02   0.566459   4.4
73.04   0.665021   4.4
73.06   0.791174   4.4
73.08   0.956068   4.4
73.1   1.17737   4.4
73.12   1.48561   4.4
73.14   1.9392   4.4
73.16   2.65459   4.4
73.18   3.84811   4.4
73.2   5.85378   4.4
73.22   9.03659   4.4
73.24   13.3743   4.4
73.26   17.169   4.4
73.28   16.9234   4.4
73.3   12.922   4.4
73.32   8.66438   4.4
73.34   5.60908   4.4
73.36   3.70066   4.4
73.38   2.56733   4.4
73.4   1.8854   4.4
73.42   1.45006   4.4
73.44   1.15235   4.4
73.46   0.937673   4.4
73.48   0.777243   4.4
73.5   0.654227   4.4
73.52   0.557937   4.4
73.54   0.48123   4.4
73.56   0.419184   4.4
73.58   0.368316   4.4
73.6   0.326112   4.4
73.62   0.290724   4.4
73.64   0.260767   4.4
73.66   0.23519   4.4
73.68   0.213182   4.4
73.7   0.194112   4.4
73.72   0.177482   4.4
73.74   0.162893   4.4
73.76   0.150026   4.4
73.78   0.138621   4.4
73.8   0.128465   4.4
73.82   0.119383   4.4
73.84   0.111229   4.4
73.86   0.10388   4.4
73.88   0.0972352   4.4
73.9   0.0912067   4.4
73.92   0.085721   4.4
73.94   0.0807148   4.4
73.96   0.0761339   4.4
73.98   0.0719317   4.4
74   0.0680674   4.4
74.02   0.064506   4.4
74.04   0.0612166   4.4
74.06   0.0581722   4.4
74.08   0.0553491   4.4
74.1   0.0527264   4.4
74.12   0.0502855   4.4
74.14   0.0480102   4.4
74.16   0.0458857   4.4
74.18   0.043899   4.4
74.2   0.0420385   4.4
74.22   0.0402937   4.4
74.24   0.0386553   4.4
74.26   0.0371146   4.4
74.28   0.0356643   4.4
74.3   0.0342972   4.4
74.32   0.0330072   4.4
74.34   0.0317886   4.4
74.36   0.0306362   4.4
74.38   0.0295453   4.4
74.4   0.0285116   4.4
74.42   0.0275312   4.4
74.44   0.0266005   4.4
74.46   0.0257162   4.4
74.48   0.0248752   4.4
74.5   0.0240748   4.4
74.52   0.0233124   4.4
74.54   0.0225856   4.4
74.56   0.0218922   4.4
74.58   0.0212303   4.4
74.6   0.020598   4.4
74.62   0.0199935   4.4
74.64   0.0194152   4.4
74.66   0.0188616   4.4
74.68   0.0183313   4.4
74.7   0.0178231   4.4
74.72   0.0173357   4.4
74.74   0.0168681   4.4
74.76   0   4.4
74.78   0   4.4
74.8   0   4.4
74.82   0   4.4
74.84   0   4.4
74.86   0   4.4
74.88   0   4.4
74.9   0   4.4
74.92   0   4.4
74.94   0   4.4
74.96   0   4.4
74.98   0   4.4
75   0   4.4
75.02   0   4.4
75.04   0   4.4
75.06   0   4.4
75.08   0   4.4
75.1   0   4.4
75.12   0   4.4
75.14   0   4.4
75.16   0   4.4
75.18   0   4.4
75.2   0   4.4
75.22   0   4.4
75.24   0   4.4
75.26   0   4.4
75.28   0   4.4
75.3   0   4.4
75.32   0   4.4
75.34   0   4.4
75.36   0   4.4
75.38   0   4.4
75.4   0   4.4
75.42   0   4.4
75.44   0   4.4
75.46   0   4.4
75.48   0   4.4
75.5   0   4.4
75.52   0   4.4
75.54   0   4.4
75.56   0   4.4
75.58   0   4.4
75.6   0   4.4
75.62   0   4.4
75.64   0   4.4
75.66   0   4.4
75.68   0   4.4
75.7   0   4.4
75.72   0   4.4
75.74   0   4.4
75.76   0   4.4
75.78   0   4.4
75.8   0   4.4
75.82   0   4.4
75.84   0   4.4
75.86   0   4.4
75.88   0   4.4
75.9   0   4.4
75.92   0   4.4
75.94   0   4.4
75.96   0   4.4
75.98   0   4.4
76   0   4.4
76.02   0   4.4
76.04   0   4.4
76.06   0   4.4
76.08   0   4.4
76.1   0   4.4
76.12   0   4.4
76.14   0   4.4
76.16   0   4.4
76.18   0   4.4
76.2   0   4.4
76.22   0   4.4
76.24   0   4.4
76.26   0   4.4
76.28   0   4.4
76.3   0   4.4
76.32   0   4.4
76.34   0   4.4
76.36   0   4.4
76.38   0   4.4
76.4   0   4.4
76.42   0   4.4
76.44   0   4.4
76.46   0   4.4
76.48   0   4.4
76.5   0   4.4
76.52   0   4.4
76.54   0   4.4
76.56   0   4.4
76.58   0   4.4
76.6   0   4.4
76.62   0   4.4
76.64   0   4.4
76.66   0   4.4
76.68   0   4.4
76.7   0   4.4
76.72   0   4.4
76.74   0   4.4
76.76   0   4.4
76.78   0   4.4
76.8   0   4.4
76.82   0   4.4
76.84   0   4.4
76.86   0   4.4
76.88   0   4.4
76.9   0   4.4
76.92   0   4.4
76.94   0   4.4
76.96   0   4.4
76.98   0   4.4
77   0   4.4
77.02   0   4.4
77.04   0   4.4
77.06   0   4.4
77.08   0   4.4
77.1   0   4.4
77.12   0   4.4
77.14   0   4.4
77.16   0   4.4
77.18   0   4.4
77.2   0   4.4
77.22   0   4.4
77.24   0   4.4
77.26   0   4.4
77.28   0   4.4
77.3   0   4.4
77.32   0   4.4
77.34   0   4.4
77.36   0   4.4
77.38   0   4.4
77.4   0   4.4
77.42   0   4.4
77.44   0   4.4
77.46   0   4.4
77.48   0   4.4
77.5   0   4.4
77.52   0   4.4
77.54   0   4.4
77.56   0   4.4
77.58   0   4.4
77.6   0   4.4
77.62   0   4.4
77.64   0   4.4
77.66   0   4.4
77.68   0   4.4
77.7   0   4.4
77.72   0   4.4
77.74   0   4.4
77.76   0   4.4
77.78   0   4.4
77.8   0   4.4
77.82   0   4.4
77.84   0   4.4
77.86   0   4.4
77.88   0   4.4
77.9   0   4.4
77.92   0   4.4
77.94   0   4.4
77.96   0   4.4
77.98   0   4.4
78   0   4.4
78.02   0   4.4
78.04   0   4.4
78.06   0   4.4
78.08   0   4.4
78.1   0   4.4
78.12   0   4.4
78.14   0   4.4
78.16   0   4.4
78.18   0   4.4
78.2   0   4.4
78.22   0   4.4
78.24   0   4.4
78.26   0   4.4
78.28   0   4.4
78.3   0   4.4
78.32   0   4.4
78.34   0   4.4
78.36   0   4.4
78.38   0   4.4
78.4   0   4.4
78.42   0   4.4
78.44   0   4.4
78.46   0   4.4
78.48   0   4.4
78.5   0   4.4
78.52   0   4.4
78.54   0   4.4
78.56   0   4.4
78.58   0   4.4
78.6   0   4.4
78.62   0   4.4
78.64   0   4.4
78.66   0   4.4
78.68   0   4.4
78.7   0   4.4
78.72   0   4.4
78.74   0   4.4
78.76   0   4.4
78.78   0   4.4
78.8   0   4.4
78.82   0   4.4
78.84   0   4.4
78.86   0   4.4
78.88   0   4.4
78.9   0   4.4
78.92   0   4.4
78.94   0   4.4
78.96   0   4.4
78.98   0   4.4
79   0   4.4
79.02   0   4.4
79.04   0   4.4
79.06   0   4.4
79.08   0   4.4
79.1   0   4.4
79.12   0   4.4
79.14   0   4.4
79.16   0   4.4
79.18   0   4.4
79.2   0   4.4
79.22   0   4.4
79.24   0   4.4
79.26   0   4.4
79.28   0   4.4
79.3   0   4.4
79.32   0   4.4
79.34   0   4.4
79.36   0   4.4
79.38   0   4.4
79.4   0   4.4
79.42   0   4.4
79.44   0   4.4
79.46   0   4.4
79.48   0   4.4
79.5   0   4.4
79.52   0   4.4
79.54   0   4.4
79.56   0   4.4
79.58   0   4.4
79.6   0   4.4
79.62   0   4.4
79.64   0   4.4
79.66   0   4.4
79.68   0   4.4
79.7   0   4.4
79.72   0   4.4
79.74   0   4.4
79.76   0   4.4
79.78   0   4.4
79.8   0   4.4
79.82   0   4.4
79.84   0   4.4
79.86   0   4.4
79.88   0   4.4
79.9   0   4.4
79.92   0   4.4
79.94   0   4.4
79.96   0   4.4
79.98   0   4.4
80   0   4.4
