800.0000	0.402314
799.0000	0.404647
798.0000	0.407033
797.0000	0.409381
796.0000	0.411724
795.0000	0.414198
794.0000	0.416557
793.0000	0.418956
792.0000	0.421413
791.0000	0.423915
790.0000	0.426329
789.0000	0.428734
788.0000	0.431138
787.0000	0.433706
786.0000	0.436231
785.0000	0.438755
784.0000	0.441209
783.0000	0.443584
782.0000	0.445997
781.0000	0.448369
780.0000	0.450766
779.0000	0.453192
778.0000	0.455579
777.0000	0.457964
776.0000	0.46033
775.0000	0.462711
774.0000	0.465186
773.0000	0.467776
772.0000	0.470373
771.0000	0.472763
770.0000	0.475254
769.0000	0.477575
768.0000	0.479864
767.0000	0.48236
766.0000	0.48477
765.0000	0.487384
764.0000	0.489904
763.0000	0.492536
762.0000	0.495058
761.0000	0.497648
760.0000	0.500161
759.0000	0.502714
758.0000	0.505166
757.0000	0.507533
756.0000	0.51014
755.0000	0.512693
754.0000	0.515254
753.0000	0.517833
752.0000	0.520319
751.0000	0.522904
750.0000	0.525412
749.0000	0.527942
748.0000	0.530399
747.0000	0.532802
746.0000	0.535231
745.0000	0.53766
744.0000	0.54019
743.0000	0.542688
742.0000	0.545119
741.0000	0.547572
740.0000	0.549682
739.0000	0.55213
738.0000	0.554457
737.0000	0.55682
736.0000	0.559202
735.0000	0.561588
734.0000	0.56397
733.0000	0.566275
732.0000	0.568562
731.0000	0.570748
730.0000	0.572942
729.0000	0.575151
728.0000	0.577349
727.0000	0.579619
726.0000	0.581855
725.0000	0.584224
724.0000	0.586462
723.0000	0.58874
722.0000	0.590884
721.0000	0.593091
720.0000	0.595315
719.0000	0.597512
718.0000	0.599695
717.0000	0.601824
716.0000	0.603954
715.0000	0.606189
714.0000	0.60836
713.0000	0.610571
712.0000	0.612687
711.0000	0.61484
710.0000	0.616945
709.0000	0.619041
708.0000	0.621127
707.0000	0.62325
706.0000	0.625322
705.0000	0.627404
704.0000	0.629395
703.0000	0.631438
702.0000	0.633527
701.0000	0.635532
700.0000	0.637526
699.0000	0.639545
698.0000	0.641544
697.0000	0.643514
696.0000	0.645444
695.0000	0.647353
694.0000	0.649206
693.0000	0.651012
692.0000	0.652804
691.0000	0.654597
690.0000	0.656321
689.0000	0.658059
688.0000	0.659803
687.0000	0.661577
686.0000	0.663304
685.0000	0.66497
684.0000	0.666627
683.0000	0.668282
682.0000	0.669886
681.0000	0.671428
680.0000	0.672959
679.0000	0.674436
678.0000	0.675979
677.0000	0.677566
676.0000	0.679226
675.0000	0.680767
674.0000	0.682287
673.0000	0.683773
672.0000	0.685262
671.0000	0.686659
670.0000	0.688082
669.0000	0.689487
668.0000	0.690871
667.0000	0.692229
666.0000	0.693518
665.0000	0.694794
664.0000	0.696149
663.0000	0.697465
662.0000	0.698709
661.0000	0.699925
660.0000	0.701185
659.0000	0.702461
658.0000	0.703686
657.0000	0.704896
656.0000	0.706079
655.0000	0.70722
654.0000	0.708333
653.0000	0.709456
652.0000	0.710584
651.0000	0.71169
650.0000	0.712763
649.0000	0.713811
648.0000	0.71477
647.0000	0.715733
646.0000	0.716691
645.0000	0.717607
644.0000	0.718495
643.0000	0.719318
642.0000	0.72017
641.0000	0.721098
640.0000	0.722027
639.0000	0.722815
638.0000	0.723519
637.0000	0.724254
636.0000	0.72505
635.0000	0.725765
634.0000	0.726412
633.0000	0.727035
632.0000	0.727643
631.0000	0.728281
630.0000	0.728931
629.0000	0.729523
628.0000	0.730126
627.0000	0.7307
626.0000	0.731295
625.0000	0.731846
624.0000	0.732327
623.0000	0.732837
622.0000	0.733276
621.0000	0.733754
620.0000	0.734151
619.0000	0.734557
618.0000	0.734917
617.0000	0.735336
616.0000	0.735661
615.0000	0.736117
614.0000	0.736408
613.0000	0.736742
612.0000	0.73703
611.0000	0.737295
610.0000	0.737559
609.0000	0.737728
608.0000	0.737899
607.0000	0.738032
606.0000	0.738141
605.0000	0.738289
604.0000	0.738423
603.0000	0.738525
602.0000	0.738649
601.0000	0.738694
600.0000	0.738764
599.0000	0.738747
598.0000	0.73874
597.0000	0.738782
596.0000	0.738784
595.0000	0.738772
594.0000	0.738633
593.0000	0.738488
592.0000	0.738371
591.0000	0.738254
590.0000	0.738128
589.0000	0.737898
588.0000	0.737729
587.0000	0.737492
586.0000	0.737261
585.0000	0.737027
584.0000	0.73677
583.0000	0.736545
582.0000	0.73622
581.0000	0.735891
580.0000	0.735469
579.0000	0.735112
578.0000	0.734688
577.0000	0.734279
576.0000	0.73383
575.0000	0.733435
574.0000	0.732965
573.0000	0.732513
572.0000	0.732007
571.0000	0.731538
570.0000	0.730986
569.0000	0.730382
568.0000	0.729842
567.0000	0.729274
566.0000	0.728704
565.0000	0.728049
564.0000	0.727418
563.0000	0.726739
562.0000	0.726071
561.0000	0.725363
560.0000	0.724647
559.0000	0.723905
558.0000	0.723111
557.0000	0.722274
556.0000	0.721444
555.0000	0.720611
554.0000	0.719751
553.0000	0.718858
552.0000	0.717934
551.0000	0.716993
550.0000	0.716054
549.0000	0.715108
548.0000	0.714171
547.0000	0.713192
546.0000	0.712186
545.0000	0.711153
544.0000	0.710133
543.0000	0.70908
542.0000	0.707981
541.0000	0.706888
540.0000	0.705793
539.0000	0.704694
538.0000	0.703502
537.0000	0.702317
536.0000	0.701126
535.0000	0.699948
534.0000	0.698762
533.0000	0.697553
532.0000	0.696318
531.0000	0.695049
530.0000	0.693757
529.0000	0.692441
528.0000	0.691122
527.0000	0.689849
526.0000	0.68852
525.0000	0.687163
524.0000	0.685772
523.0000	0.684315
522.0000	0.682877
521.0000	0.681402
520.0000	0.679604
519.0000	0.678197
518.0000	0.676769
517.0000	0.675358
516.0000	0.673914
515.0000	0.672519
514.0000	0.671064
513.0000	0.669617
512.0000	0.668077
511.0000	0.666636
510.0000	0.665225
509.0000	0.663763
508.0000	0.662294
507.0000	0.660911
506.0000	0.659613
505.0000	0.658397
504.0000	0.657162
503.0000	0.655944
502.0000	0.654749
501.0000	0.653649
500.0000	0.652686
499.0000	0.651794
498.0000	0.65096
497.0000	0.65019
496.0000	0.649505
495.0000	0.648893
494.0000	0.648472
493.0000	0.648063
492.0000	0.64778
491.0000	0.64752
490.0000	0.647421
489.0000	0.647378
488.0000	0.647484
487.0000	0.64769
486.0000	0.647995
485.0000	0.64844
484.0000	0.648893
483.0000	0.649486
482.0000	0.650132
481.0000	0.650884
480.0000	0.651774
479.0000	0.652684
478.0000	0.653685
477.0000	0.654755
476.0000	0.655825
475.0000	0.657107
474.0000	0.658352
473.0000	0.659741
472.0000	0.661152
471.0000	0.662638
470.0000	0.664166
469.0000	0.665845
468.0000	0.667479
467.0000	0.669239
466.0000	0.671039
465.0000	0.672893
464.0000	0.674791
463.0000	0.676731
462.0000	0.678776
461.0000	0.680793
460.0000	0.68289
459.0000	0.685031
458.0000	0.687205
457.0000	0.689385
456.0000	0.691579
455.0000	0.693833
454.0000	0.696199
453.0000	0.698566
452.0000	0.70099
451.0000	0.703358
450.0000	0.705827
449.0000	0.708369
448.0000	0.710849
447.0000	0.713388
446.0000	0.715856
445.0000	0.718511
444.0000	0.721061
443.0000	0.723678
442.0000	0.726286
441.0000	0.728982
440.0000	0.731668
439.0000	0.734337
438.0000	0.737108
437.0000	0.739785
436.0000	0.742483
435.0000	0.745261
434.0000	0.748151
433.0000	0.751033
432.0000	0.753864
431.0000	0.756652
430.0000	0.759474
429.0000	0.762357
428.0000	0.765217
427.0000	0.768125
426.0000	0.771093
425.0000	0.774142
424.0000	0.777177
423.0000	0.780296
422.0000	0.783386
421.0000	0.78658
420.0000	0.789929
419.0000	0.79311
418.0000	0.796385
417.0000	0.799713
416.0000	0.80316
415.0000	0.806468
414.0000	0.809772
413.0000	0.813189
412.0000	0.816703
411.0000	0.820184
410.0000	0.823729
409.0000	0.827301
408.0000	0.830734
407.0000	0.834445
406.0000	0.838108
405.0000	0.841983
404.0000	0.845589
403.0000	0.849307
402.0000	0.85304
401.0000	0.856924
400.0000	0.86065
399.0000	0.864567
398.0000	0.868453
397.0000	0.872341
396.0000	0.876219
395.0000	0.880027
394.0000	0.883994
393.0000	0.887902
392.0000	0.891735
391.0000	0.895643
390.0000	0.899616
389.0000	0.903662
388.0000	0.907802
387.0000	0.911895
386.0000	0.915934
385.0000	0.919894
384.0000	0.923892
383.0000	0.928083
382.0000	0.932352
381.0000	0.936379
380.0000	0.940522
379.0000	0.94476
378.0000	0.948936
377.0000	0.953196
376.0000	0.957413
375.0000	0.961666
374.0000	0.965897
373.0000	0.970127
372.0000	0.974359
371.0000	0.978741
370.0000	0.984277
369.0000	0.988737
368.0000	0.993022
367.0000	0.997437
366.0000	1.00194
365.0000	1.00647
364.0000	1.01113
363.0000	1.0158
362.0000	1.02075
361.0000	1.02568
360.0000	1.03085
359.0000	1.03556
358.0000	1.04039
357.0000	1.04521
356.0000	1.05028
355.0000	1.05561
354.0000	1.06046
353.0000	1.06559
352.0000	1.07059
351.0000	1.07624
350.0000	1.08191
349.0000	1.08749
348.0000	1.09307
347.0000	1.09861
346.0000	1.10458
345.0000	1.11053
344.0000	1.11641
343.0000	1.12223
342.0000	1.12792
341.0000	1.13404
340.0000	1.13988
339.0000	1.14621
338.0000	1.15252
337.0000	1.15891
336.0000	1.16548
335.0000	1.17222
334.0000	1.17891
333.0000	1.18584
332.0000	1.19246
331.0000	1.19951
330.0000	1.2066
329.0000	1.21349
328.0000	1.22086
327.0000	1.22854
326.0000	1.23615
325.0000	1.24398
324.0000	1.25155
323.0000	1.25947
322.0000	1.26755
321.0000	1.27615
320.0000	1.2848
319.0000	1.29375
318.0000	1.3028
317.0000	1.3118
316.0000	1.32091
315.0000	1.33052
314.0000	1.34068
313.0000	1.35131
312.0000	1.36187
311.0000	1.37317
310.0000	1.38453
309.0000	1.39698
308.0000	1.41011
307.0000	1.42435
306.0000	1.43937
305.0000	1.45483
304.0000	1.47129
303.0000	1.48888
302.0000	1.50781
301.0000	1.52766
300.0000	1.54925
299.0000	1.57163
298.0000	1.59621
297.0000	1.62149
296.0000	1.64863
295.0000	1.6765
294.0000	1.70591
293.0000	1.73629
292.0000	1.76781
291.0000	1.80085
290.0000	1.83518
289.0000	1.86993
288.0000	1.90505
287.0000	1.9411
286.0000	1.97817
285.0000	2.01566
284.0000	2.0528
283.0000	2.08966
282.0000	2.12617
281.0000	2.16265
280.0000	2.19876
279.0000	2.23396
278.0000	2.26898
277.0000	2.30338
276.0000	2.33629
275.0000	2.36969
274.0000	2.39863
273.0000	2.42757
272.0000	2.4547
271.0000	2.48127
270.0000	2.50655
269.0000	2.52909
268.0000	2.55125
267.0000	2.57232
266.0000	2.59171
265.0000	2.60851
264.0000	2.62389
263.0000	2.63962
262.0000	2.65239
261.0000	2.66653
260.0000	2.6777
259.0000	2.68962
258.0000	2.70001
257.0000	2.7095
256.0000	2.7199
255.0000	2.73065
254.0000	2.74221
253.0000	2.75799
252.0000	2.77414
251.0000	2.79365
250.0000	2.81659
249.0000	2.84422
248.0000	2.8756
247.0000	2.91116
246.0000	2.95249
245.0000	2.99964
244.0000	3.05213
243.0000	3.11283
242.0000	3.18008
241.0000	3.2525
240.0000	3.32981
239.0000	3.41288
238.0000	3.50184
237.0000	3.58321
236.0000	3.67214
235.0000	3.75733
234.0000	3.86003
233.0000	3.96276
232.0000	4.06558
231.0000	4.14629
230.0000	4.24143
229.0000	4.33093
228.0000	4.38659
227.0000	4.48707
226.0000	4.57922
225.0000	4.6282
224.0000	4.67201
223.0000	4.67127
222.0000	4.65895
221.0000	4.69371
220.0000	4.77413
219.0000	4.85514
218.0000	4.8725
217.0000	4.78643
216.0000	4.80106
215.0000	4.97535
214.0000	5.27411
213.0000	5.27283
212.0000	5.27145
211.0000	5.22456
210.0000	5.07759
209.0000	5.0764
208.0000	5.04522
207.0000	4.9895
206.0000	4.98783
205.0000	4.89478
204.0000	4.80061
203.0000	4.66965
202.0000	4.64298
201.0000	4.57503
200.0000	4.56152
